world: world
x: 1510.632613895535
y: 11.0
z: 25.801627529734752
yaw: 339.9046
pitch: -0.6000121
name: .
