world: world
x: 996.0997373710832
y: 69.0
z: 243.66636278381128
yaw: 87.13629
pitch: 6.3223557
name: ',.'
