world: world_nether
x: 344.8490200920313
y: 129.0
z: -213.48139844019798
yaw: -96.165054
pitch: 21.600058
name: '...'
