world: world
x: 2676.0176748586027
y: 140.0
z: 1193.1386886074624
yaw: -172.70654
pitch: 6.600019
name: a
