world: world
x: 2681.487612875488
y: 125.0
z: 1295.2202122182912
yaw: 5.01881
pitch: 90.0
name: abc123
