world: world
x: -1358.1997142796502
y: 63.0
z: -1180.9838318106263
yaw: 269.09772
pitch: 13.44008
name: apartment
