world: world
x: 3678.248135258797
y: 63.0
z: -1031.8624517668961
yaw: 181.78827
pitch: 15.338085
name: buy
