world: world
x: -272.60184389282267
y: 69.0
z: -373.77192813247007
yaw: -158.74811
pitch: 57.450054
name: creeper
