world: world
x: 2710.1400023838496
y: 65.0
z: 1485.5643835112885
yaw: -150.23329
pitch: 24.74999
name: d
