world: world
x: 541.5153250206528
y: 71.0
z: 141.910121586786
yaw: -80.37329
pitch: 18.799543
name: damn
