world: world
x: 946.3788278707099
y: 70.0
z: 427.69999998807907
yaw: -178.56833
pitch: 10.966407
name: Dance
