world: world
x: 3678.4316049864624
y: 63.0
z: -1028.3544931148213
yaw: -179.36296
pitch: 11.699997
name: derp
