world: world
x: 2815.981098920447
y: 129.3588219631283
z: 3542.30406622015
yaw: -337.14688
pitch: 80.376045
name: die
