world: world
x: 2776.300000011921
y: 54.0
z: 1201.699999988079
yaw: 179.14618
pitch: 58.049995
name: dumbass
