world: world
x: -86.63534983188056
y: 91.0
z: 463.6267458351687
yaw: -90.21984
pitch: 29.159138
name: enchant
