world: world_the_end
x: -63.351514490419646
y: 37.0
z: -12.987295869954128
yaw: -6.3847656
pitch: 3.680326
name: end
