world: world
x: 2730.760409557593
y: 68.0
z: 1366.0377103847682
yaw: -134.60638
pitch: 39.870274
name: f
