world: world
x: -439.35068853207264
y: 58.0
z: 214.69999998807907
yaw: 141.5008
pitch: 22.500002
name: fever
