world: world
x: 2846.8450131954196
y: 69.0
z: 3048.0281188438767
yaw: -177.41919
pitch: 13.800021
name: fight
