world: world
x: 3680.846737950691
y: 63.0
z: -1067.6468190146395
yaw: 270.71466
pitch: -1.7285278
name: Foodshop
