world: world
x: -56.64153061735456
y: 83.0
z: 494.00054349488096
yaw: -66.99045
pitch: 40.646946
name: g
