world: world
x: 1131.6650626460976
y: 65.0
z: 369.30000001192093
yaw: 1.0758677
pitch: 13.650019
name: goldteam
