world: world
x: 1139.9552458180312
y: 77.0
z: 564.3261424753556
yaw: -116.12146
pitch: 31.591793
name: Gold
