world: world
x: 2904.2635675710917
y: 64.0
z: 2846.7535452935463
yaw: -319.2891
pitch: 19.63532
name: h
