world: world
x: -1567.1119161118122
y: 64.0
z: -1058.2390036322934
yaw: 1.8012695
pitch: -4.9500194
name: heart
