world: world
x: 2770.840405008397
y: 74.0
z: 1465.0093915793502
yaw: -158.93433
pitch: 16.499985
name: home
