world: world
x: 2798.8878129585237
y: 133.0
z: 1171.0504343349596
yaw: -174.22293
pitch: 10.852817
name: Hotel
