world: world
x: -2824.385855110885
y: 57.0
z: -2881.308962135887
yaw: 81.99369
pitch: 13.395357
name: hunger
