world: world
x: 2914.302819334307
y: 68.78826918367733
z: 2723.4084510773205
yaw: 149.74005
pitch: 21.786295
name: igloo
