world: world
x: 2795.7639926642305
y: 69.0
z: 2130.5424661724364
yaw: -70.838715
pitch: 38.41521
name: island
