world: world
x: 3300.7600304034418
y: 65.0
z: -424.6102115664317
yaw: -183.04437
pitch: 9.750001
name: jail
