world: world
x: 3011.860230610204
y: 11.0
z: 2598.057914720213
yaw: 266.60788
pitch: 0.9168834
name: lava
