world: world
x: 2068.1852487078504
y: 96.0
z: -167.7005697574727
yaw: -122.1918
pitch: 43.954334
name: lavatree
