world: world_nether
x: 286.541165648061
y: -0.7999999523162842
z: 235.67532140079965
yaw: -277.96487
pitch: 27.450094
name: lawl
