world: world
x: -1327.8400264825418
y: 69.0
z: -1168.4779361410003
yaw: -191.81522
pitch: 58.349995
name: Level
