world: world
x: 1806.6841806660345
y: 95.0
z: 229.0721389259071
yaw: -120.91758
pitch: 39.0
name: lol
