world: world
x: 2437.4656564107468
y: 64.0
z: 51.066651336184066
yaw: 152.15616
pitch: 73.05002
name: lolololol
