world: world
x: 238.97605571177274
y: 111.98030049502853
z: -1780.504162108712
yaw: -143.04659
pitch: 90.0
name: m1
