world: world
x: 2837.8436003540005
y: 81.6002512443535
z: -138.65952963175368
yaw: 237.26337
pitch: 39.051968
name: m2
