world: world
x: 2711.9535299404997
y: 65.0
z: 1488.699999988079
yaw: -150.23329
pitch: 24.74999
name: m3
