world: world
x: 2751.329232663849
y: 64.0
z: 3564.793245875789
yaw: -91.725525
pitch: 3.7314208
name: MAKEOUT
