world: world
x: -134.48351951385678
y: 63.0
z: -131.71073892029327
yaw: 85.79578
pitch: 15.750042
name: Market
