world: world
x: 1794.74097464738
y: 71.7488038054543
z: 2.368387401589633
yaw: -285.31537
pitch: 61.95001
name: Mckeev
