world: world
x: 129.4400460938219
y: 66.49880380545439
z: -670.6273589572065
yaw: 150.5127
pitch: 10.960825
name: me!
