world: world
x: 662.3400551370953
y: 96.0
z: 277.2953466092323
yaw: -357.38562
pitch: 1.349963
name: melonalogo
