world: world
x: 645.9677627877753
y: 73.0
z: 280.2403765122168
yaw: -356.51175
pitch: 3.12717
name: Melona
