world: world
x: 3075.608205098185
y: 11.0
z: 2601.7582058772277
yaw: -3.3816714
pitch: 22.336855
name: mine1
