world: world
x: 4352.242712383812
y: 64.0
z: 2070.767238764415
yaw: 293.65573
pitch: 19.702309
name: mooshroom
