world: world
x: -121.61273196174133
y: 75.0
z: -850.0944084777677
yaw: 216.73169
pitch: -64.234146
name: Moshpit
