world: world
x: 530.9386090681685
y: 90.0
z: 761.5155344853155
yaw: -76.500206
pitch: 69.0
name: mt1
