world: world
x: 665.0966170378483
y: 111.0
z: 604.443497469068
yaw: -205.49986
pitch: 59.24999
name: mt2
