world: world
x: 1072.6336319945488
y: 64.0
z: 479.61625210098737
yaw: -1.3894043
pitch: 1.049821
name: myhome
