world: world
x: 2949.9167758531944
y: 71.0
z: 2752.4660758460377
yaw: 168.66238
pitch: 21.549412
name: nazi
