world: world
x: 1558.5495235723472
y: 76.0
z: 54.83395722079194
yaw: 140.53618
pitch: 5.422377
name: netherup
