world: world
x: -43.55232534123325
y: 78.5
z: 446.69999998807907
yaw: 105.14993
pitch: 27.300001
name: Notch
