world: world
x: -147.75443111442627
y: 63.5
z: 2127.9667002034075
yaw: -88.58857
pitch: -9.599968
name: Outpost
