world: world
x: -8.860404400418997
y: 77.0
z: 371.1313262138336
yaw: -359.7979
pitch: 11.100006
name: Party
