world: world
x: -8.5
y: 77.0
z: 371.5
yaw: 89.84999
pitch: 5.4000015
name: Party!!!
