world: world
x: -1871.9487408127327
y: 63.5
z: -1200.2119836092802
yaw: 117.9632
pitch: -1.6500071
name: Pvp
