world: world
x: 63.126529049498615
y: 78.0
z: -507.9770842326907
yaw: 90.29577
pitch: -0.24282146
name: PvpStands
