world: world
x: 3330.357347689946
y: 63.0
z: 3430.071370933404
yaw: 0.77347285
pitch: 21.899988
name: qwertyui
