world: world
x: 1132.300000011921
y: 65.0
z: 395.5527334822938
yaw: -180.87408
pitch: -11.399992
name: redteam
