world: world
x: 30.699999988079064
y: 60.0
z: -2180.300000011921
yaw: 92.097565
pitch: 58.170315
name: sab
