world: world
x: 3641.7773565924817
y: 109.0
z: 3588.214210470174
yaw: 11.820431
pitch: 13.950072
name: saltz
