world: world
x: -338.2156971928218
y: 64.0
z: -190.22634007625263
yaw: -91.65789
pitch: 4.7952466
name: sand
