world: world
x: -252.7816835762018
y: 112.0
z: -117.49492709779543
yaw: -237.3341
pitch: 34.200054
name: Shears
