world: world
x: 1556.5
y: 72.0
z: 53.5
yaw: -136.06384
pitch: 18.472382
name: shop
