world: world
x: 3304.6052879496397
y: 67.41326918367731
z: 2538.909814845219
yaw: 45.781006
pitch: 16.915081
name: snow
