world: world
x: 340.1120419135519
y: 41.0
z: 400.6999999880791
yaw: 102.591675
pitch: -10.674753
name: spawner
