world: world
x: 3309.841279095419
y: 179.0
z: 232.92754271172385
yaw: -97.02183
pitch: 50.4001
name: sun
