world: world
x: 1048.3518250926136
y: 64.0
z: 471.69999998807907
yaw: -2.3514323
pitch: 14.868796
name: t
