world: world_nether
x: 839.4640974970378
y: 32.0
z: -655.6629134109575
yaw: -282.46878
pitch: 24.449997
name: um
