world: world
x: 1556.4240824631383
y: 76.0
z: 53.30541217345054
yaw: -136.06384
pitch: 18.472382
name: wild
