world: world
x: 3565.320113994978
y: 72.0
z: 3655.300000011921
yaw: 286.3189
pitch: 22.937466
name: yo!
