spawns: 
  default: 
    world: world
    x: -45.02614689134535
    y: 77.0
    z: 426.99641921100135
    yaw: 0.4499817
    pitch: 52.050007
  guest: 
    world: world
    x: 737.1827920545805
    y: 54.0
    z: -939.7513961981739
    yaw: -180.3871
    pitch: -1.6500255
  "*": 
    world: world
    x: -45.000173956505876
    y: 74.5
    z: 436.16484573990755
    yaw: 4.649851
    pitch: 0.14995238
  owner: 
    world: world
    x: -45.02907825679151
    y: 77.0
    z: 427.10251754907085
    yaw: 359.69998
    pitch: 2.0301342E-5
