timestamps:
  login: 1340630193643
  logout: 1340630335695
ipAddress: 65.128.165.198
lastlocation:
  world: world
  x: -120.9508839714932
  y: 82.0
  z: 433.82308740403647
  yaw: -205.50128
  pitch: 33.899982
