timestamps:
  login: 1337069784328
  lastteleport: 1336320572969
  logout: 1336320601455
ipAddress: 174.7.163.93
lastlocation:
  world: world
  x: 3858.8138356262325
  y: 71.0
  z: 320.53517157470105
  yaw: -192.7351
  pitch: 2.9796093
