timestamps:
  login: 1335558799201
  lastteleport: 1335558952100
  logout: 1335558981422
ipAddress: 74.78.160.71
lastlocation:
  world: world
  x: 3863.576625908483
  y: 64.0
  z: 330.1202043154036
  yaw: 142.79892
  pitch: -11.787126
