timestamps:
  login: 1340050731166
  logout: 1340050751860
ipAddress: 75.179.56.231
lastlocation:
  world: world
  x: -44.794553031772374
  y: 77.0
  z: 427.22041791677475
  yaw: -8.850019
  pitch: 17.4
