timestamps:
  login: 1334440141140
  lastteleport: 1334376040250
  logout: 1334440687657
ipAddress: 97.119.5.31
lastlocation:
  world: world
  x: 1486.5
  y: 79.51044745802834
  z: 186.5
  yaw: -1.3499999
  pitch: -12.45
