timestamps:
  login: 1338371359222
  logout: 1338371801256
ipAddress: 206.45.52.190
lastlocation:
  world: world
  x: -37.93758751623888
  y: 77.0
  z: 421.7300431049873
  yaw: 0.95194757
  pitch: 1.4502528
