timestamps:
  login: 1335050471979
  logout: 1335051243738
  lastteleport: 1335051105807
ipAddress: 50.81.97.242
lastlocation:
  world: world
  x: 1849.3049177774762
  y: 63.0
  z: -677.1112493345411
  yaw: -148.12576
  pitch: 8.570356
money: 299.0
homes:
  home:
    world: world
    x: 3592.3902644639015
    y: 45.0
    z: -1868.0081101983183
    yaw: 190.2727
    pitch: 61.35
ban:
  reason: chuck testa
