timestamps:
  login: 1333999944787
  lastteleport: 1333999541253
  logout: 1334002303623
ipAddress: 24.8.66.133
lastlocation:
  world: world
  x: 224.2485680662502
  y: 64.0
  z: 741.4581197071041
  yaw: 97.77951
  pitch: 37.7545
money: 0.0
