timestamps:
  login: 1336336571960
  logout: 1336337170445
  lastteleport: 1336336651386
ipAddress: 68.74.66.12
lastlocation:
  world: world
  x: 3860.699999988079
  y: 71.0
  z: 320.7557017961112
  yaw: 179.17337
  pitch: 5.2793293
homes:
  home:
    world: world
    x: 3621.300000011921
    y: 73.0
    z: 1717.2606994789307
    yaw: 168.64081
    pitch: 13.789823
