timestamps:
  login: 1335827647444
  lastteleport: 1335827447096
  logout: 1335827695387
ipAddress: 108.226.190.4
lastlocation:
  world: world
  x: 485.6938059035916
  y: 65.0
  z: 202.87353935021267
  yaw: -173.92473
  pitch: 17.495588
homes:
  home:
    world: world
    x: 261.28548026753435
    y: 58.0
    z: 341.6499616949783
    yaw: 35.13683
    pitch: 15.094601
ban:
  reason: Threating to hack the server and asking for Op
