timestamps:
  login: 1335402014737
  logout: 1335402275983
  lastteleport: 1335402265652
ipAddress: 75.134.129.60
lastlocation:
  world: world
  x: 1487.870282600826
  y: 63.0
  z: -2739.8651441913116
  yaw: 13.544701
  pitch: 47.637558
