timestamps:
  login: 1334874439276
  lastteleport: 1334615905681
  logout: 1334874481663
ipAddress: 76.178.22.25
lastlocation:
  world: world
  x: 1487.5015343326534
  y: 70.0
  z: 193.33442573066068
  yaw: -41.619232
  pitch: 11.356175
