timestamps:
  login: 1334357935037
  lastteleport: 1334364065394
ipAddress: 98.125.212.222
lastlocation:
  world: world
  x: 279.102286961497
  y: 83.0
  z: 580.5399758454432
  yaw: 125.38234
  pitch: 26.249998
homes:
  home:
    world: world
    x: 377.3193642438612
    y: 60.0
    z: 561.7312835928738
    yaw: 357.43237
    pitch: 22.349981
