timestamps:
  login: 1336671456649
  lastteleport: 1336672083767
  logout: 1336672086564
ipAddress: 83.82.249.24
lastlocation:
  world: world
  x: 3636.300000011921
  y: 63.0
  z: 1887.2057207700889
  yaw: -204.22894
  pitch: 16.649956
