timestamps:
  login: 1334281016138
  lastteleport: 1334099416063
  logout: 1334281489067
ipAddress: 71.92.157.63
lastlocation:
  world: world
  x: 403.3804634085421
  y: 68.0
  z: 196.6275665194099
  yaw: -180.47247
  pitch: 21.749731
