timestamps:
  login: 1335927982590
  logout: 1335928016588
  lastteleport: 1335506200274
ipAddress: 178.153.9.135
lastlocation:
  world: world
  x: 695.5268915143627
  y: 68.0
  z: -1892.9051623094429
  yaw: 243.32442
  pitch: 18.899984
