timestamps:
  login: 1336509151694
  lastteleport: 1336509693440
  logout: 1336509847383
ipAddress: 76.116.38.125
lastlocation:
  world: world
  x: 3916.7207319921226
  y: 51.0
  z: 480.4669282107924
  yaw: -186.6543
  pitch: 22.350008
