timestamps:
  login: 1334783314879
  logout: 1334783379059
  lastteleport: 1334783370245
ipAddress: 24.5.57.91
lastlocation:
  world: world
  x: 1550.3526355051317
  y: 67.0
  z: -191.68914444261966
  yaw: -65.661644
  pitch: 1.1158289
