timestamps:
  login: 1340674886764
  lastteleport: 1340675454071
  logout: 1340675479847
ipAddress: 76.113.43.25
lastlocation:
  world: world
  x: -54.56564711725019
  y: 83.5
  z: 426.4125011170332
  yaw: -95.39642
  pitch: 13.342808
