timestamps:
  login: 1337927071420
  lastteleport: 1337834116838
  logout: 1337927115246
ipAddress: 24.58.178.160
lastlocation:
  world: world
  x: -236.3000000119209
  y: 48.0
  z: 641.3000000119209
  yaw: -319.44913
  pitch: -45.899998
