timestamps:
  login: 1338655261671
  logout: 1338657764143
  lastteleport: 1338657680608
ipAddress: 81.226.49.250
lastlocation:
  world: world
  x: 1848.271958209082
  y: 6.0
  z: -140.32138907805583
  yaw: -40.05021
  pitch: 17.55004
homes:
  home:
    world: world
    x: 1849.0713681487705
    y: 6.0
    z: -140.75922194139818
    yaw: -149.1001
    pitch: 43.050034
ban:
  reason: 3 griefing spawn
