timestamps:
  login: 1335048368214
  logout: 1335052543739
  lastteleport: 1335049184847
ipAddress: 50.81.97.242
lastlocation:
  world: world
  x: 3526.5010016655983
  y: 64.0
  z: 1871.4224125042044
  yaw: -250.72177
  pitch: 14.071607
