timestamps:
  login: 1340587822122
  logout: 1340589042585
  lastteleport: 1340588612765
ipAddress: 70.231.234.138
lastlocation:
  world: world
  x: -211.8278833580084
  y: 64.0
  z: 141.6607648612718
  yaw: 103.561066
  pitch: 13.025978
