timestamps:
  login: 1333992069766
  lastteleport: 1333992474932
  logout: 1333992528311
ipAddress: 68.99.187.7
lastlocation:
  world: world
  x: 404.1531286234174
  y: 67.0
  z: 123.94730200269422
  yaw: -289.87378
  pitch: 23.592926
money: 50.0
