timestamps:
  login: 1336985551422
  logout: 1336985573278
  lastteleport: 1336978863600
ipAddress: 24.141.69.23
lastlocation:
  world: world
  x: 741.3000000119209
  y: 77.0
  z: -871.6483599157058
  yaw: 33.845795
  pitch: 2.1407943
