timestamps:
  login: 1338535108042
  logout: 1338535637916
ipAddress: 206.126.209.6
lastlocation:
  world: world_nether
  x: 194.13839509096678
  y: 128.0
  z: 61.91441353393948
  yaw: -185.48462
  pitch: 11.121826
