timestamps:
  login: 1336942583339
  lastteleport: 1336664619318
  logout: 1336665136564
ipAddress: 213.50.25.178
lastlocation:
  world: world
  x: 3891.508474926667
  y: 64.0
  z: 370.32513056988256
  yaw: 136.59544
  pitch: 20.100214
homes:
  home:
    world: world
    x: 3358.3946106136923
    y: 72.0
    z: 1939.7992203330161
    yaw: -183.49626
    pitch: 31.416346
