timestamps:
  login: 1334002906905
  logout: 1334002938980
  lastteleport: 1334002365844
ipAddress: 209.121.40.207
lastlocation:
  world: world
  x: 402.51102446192283
  y: 64.0
  z: 140.47504997542006
  yaw: -182.12244
  pitch: 8.699737
