timestamps:
  login: 1340622624113
  logout: 1340622701145
  lastteleport: 1340622099216
ipAddress: 68.47.19.249
lastlocation:
  world: world
  x: 3633.6817542430463
  y: 59.0
  z: 3615.5640781141283
  yaw: 164.82074
  pitch: 35.400013
