timestamps:
  login: 1338638431725
  logout: 1338638918038
ipAddress: 202.67.75.60
lastlocation:
  world: world_nether
  x: 486.5054906886163
  y: 128.0
  z: 13.634029085726272
  yaw: -148.36478
  pitch: 4.349982
