timestamps:
  login: 1339859892037
  logout: 1339859975102
ipAddress: 88.84.17.194
lastlocation:
  world: world
  x: -41.41444182324503
  y: 81.5
  z: 426.6600031527665
  yaw: -281.25073
  pitch: 61.35007
