timestamps:
  login: 1338535093521
  logout: 1338535139386
ipAddress: 75.155.52.7
lastlocation:
  world: world
  x: -199.8144915443755
  y: 66.0
  z: 604.3638413099212
  yaw: -284.09946
  pitch: 30.750006
