timestamps:
  login: 1334068324152
  lastteleport: 1334069514558
  logout: 1334069606133
ipAddress: 62.194.39.58
lastlocation:
  world: world
  x: 158.45607698413758
  y: 55.0
  z: 830.5059953226066
  yaw: 343.83917
  pitch: 2.107923
