timestamps:
  login: 1338432414885
  logout: 1338432581245
ipAddress: 217.86.51.17
lastlocation:
  world: world
  x: -169.70869205946025
  y: 77.0
  z: 307.69725414015574
  yaw: 314.15213
  pitch: 11.350261
