timestamps:
  login: 1335988460832
  logout: 1335988532401
  lastteleport: 1335988521018
ipAddress: 70.123.220.149
lastlocation:
  world: world
  x: 3901.2117910952174
  y: 93.0
  z: 345.5695955739919
  yaw: -264.93347
  pitch: 22.253132
homes:
  home:
    world: world
    x: 763.9868545805405
    y: 67.0
    z: -2139.699999988079
    yaw: -103.17092
    pitch: 53.671307
