timestamps:
  login: 1334713301610
  lastteleport: 1334713307698
  logout: 1334713325634
ipAddress: 67.185.54.46
lastlocation:
  world: world
  x: 1487.9765605085393
  y: 70.0
  z: 194.69517182942292
  yaw: -169.22801
  pitch: 4.0434246
