timestamps:
  login: 1334098136944
  lastteleport: 1334092631476
  logout: 1334098266094
ipAddress: 108.74.22.254
lastlocation:
  world: world
  x: 403.39451818616624
  y: 68.0
  z: 189.82664059880105
  yaw: -127.672485
  pitch: 18.299728
