timestamps:
  login: 1336922230312
  lastteleport: 1336832023755
  logout: 1336923106227
ipAddress: 211.30.118.82
lastlocation:
  world: world
  x: 842.7827285690089
  y: 64.0
  z: -1150.6901512216368
  yaw: -22.000841
  pitch: 10.531385
