timestamps:
  login: 1338182663866
  lastteleport: 1334804363857
  logout: 1338182682432
ipAddress: 68.67.250.81
lastlocation:
  world: world
  x: -49.22023672451118
  y: 77.0
  z: 414.171245636387
  yaw: -183.28596
  pitch: 16.045195
