timestamps:
  login: 1334510932272
  lastteleport: 1334510995098
  logout: 1334511026779
ipAddress: 209.172.148.125
lastlocation:
  world: world
  x: 1500.728512916331
  y: 70.0
  z: 179.76120032977914
  yaw: -101.277405
  pitch: 2.0934572
