timestamps:
  login: 1335839661769
  lastteleport: 1335840473466
  logout: 1335841122163
ipAddress: 69.130.180.45
lastlocation:
  world: world
  x: 173.66866722210415
  y: 89.0
  z: -1299.5187848217686
  yaw: -356.52454
  pitch: 8.100041
