timestamps:
  login: 1334277595979
  lastteleport: 1334277502212
  logout: 1334277598551
ipAddress: 99.21.107.143
lastlocation:
  world: world
  x: 364.30000001192093
  y: 58.0
  z: 816.6999999880791
  yaw: -79.57069
  pitch: -9.701948
homes:
  home:
    world: world
    x: 309.4015130243682
    y: 64.0
    z: 757.7964383270944
    yaw: -27.774063
    pitch: 15.223566
