timestamps:
  login: 1334189417688
  lastteleport: 1334189596236
  logout: 1334189610822
ipAddress: 81.159.123.232
lastlocation:
  world: world
  x: 403.5853682805545
  y: 67.0
  z: 121.58633372358456
  yaw: -158.01294
  pitch: 11.467143
