timestamps:
  login: 1338832510947
  logout: 1338832599883
ipAddress: 65.112.235.2
lastlocation:
  world: world
  x: 110.17462403435991
  y: 69.0
  z: 238.65362849854668
  yaw: -119.34073
  pitch: 16.07209
