timestamps:
  login: 1336667721480
  lastteleport: 1336517340241
  logout: 1336667726565
ipAddress: 68.224.76.82
lastlocation:
  world: world
  x: 3858.194295642642
  y: 71.0
  z: 321.9454657737044
  yaw: 260.64545
  pitch: 4.500214
