timestamps:
  login: 1334165890424
  lastteleport: 1334000879641
  logout: 1334165962961
ipAddress: 79.102.21.152
lastlocation:
  world: world
  x: 313.71239263787135
  y: 21.0
  z: 471.93508225607206
  yaw: 194.02142
  pitch: 30.443174
