timestamps:
  login: 1336201044356
  logout: 1336201476351
  lastteleport: 1336200638420
ipAddress: 94.254.118.124
lastlocation:
  world: world
  x: 1086.971995992652
  y: 5.0
  z: 2752.300000011921
  yaw: -181.98431
  pitch: 5.849977
