timestamps:
  login: 1337399442992
  lastteleport: 1336263527133
  logout: 1337399470905
ipAddress: 64.131.172.231
lastlocation:
  world: world
  x: -51.5
  y: 118.62000000476837
  z: 426.5
  yaw: 0.0
  pitch: 0.0
homes:
  home:
    world: world
    x: 5463.663741856654
    y: 63.0
    z: -499.17430865428
    yaw: 187.867
    pitch: 17.849987
