timestamps:
  login: 1336248047508
  lastteleport: 1336090992675
  logout: 1336248634530
ipAddress: 96.2.124.228
lastlocation:
  world: world
  x: 3885.0702333206455
  y: 64.0
  z: 362.0695271658448
  yaw: 143.51808
  pitch: 6.4088936
