timestamps:
  login: 1334007041118
  lastteleport: 1334005388568
  logout: 1334007043293
ipAddress: 76.24.149.4
lastlocation:
  world: world
  x: 403.234519895248
  y: 68.0
  z: 168.87363841485777
  yaw: -184.0725
  pitch: 17.399734
