timestamps:
  login: 1334139048174
  logout: 1334139074434
  lastteleport: 1333997407300
ipAddress: 92.39.202.171
lastlocation:
  world: world
  x: 305.9599111975193
  y: 18.0
  z: 686.5834819966691
  yaw: 24.88439
  pitch: 22.322771
money: 35.0
