timestamps:
  login: 1336339715529
  lastteleport: 1336339988962
  logout: 1336340420445
ipAddress: 99.67.63.158
lastlocation:
  world: world
  x: 3891.508474926667
  y: 64.0
  z: 370.32513056988256
  yaw: 136.73796
  pitch: 20.100214
