timestamps:
  login: 1338680394617
  lastteleport: 1338538686402
  logout: 1338682142394
ipAddress: 108.17.78.55
lastlocation:
  world: world
  x: -289.61235350996293
  y: 85.0
  z: 795.3000000119209
  yaw: -179.55249
  pitch: 46.19998
