timestamps:
  login: 1340607371617
  logout: 1340607535532
  lastteleport: 1339515502902
ipAddress: 77.100.164.163
lastlocation:
  world: world_nether
  x: 270.30000001192093
  y: 110.0
  z: 136.33326896569181
  yaw: 290.53455
  pitch: -3.2999918
