timestamps:
  login: 1335230313708
  logout: 1335231747716
  lastteleport: 1335231495733
ipAddress: 216.196.165.17
lastlocation:
  world: world
  x: 3517.762204452026
  y: 46.16271667663543
  z: 2312.2724718832706
  yaw: 73.98285
  pitch: -8.778318
