timestamps:
  login: 1333993051403
  lastteleport: 1333993072907
  logout: 1333993158434
ipAddress: 190.98.94.112
lastlocation:
  world: world
  x: 401.63949080048934
  y: 63.0
  z: 131.21562907332753
  yaw: -177.05186
  pitch: 25.865011
