timestamps:
  login: 1335210150750
  lastteleport: 1335210806594
  logout: 1335211035575
ipAddress: 98.27.196.103
lastlocation:
  world: world
  x: 56.24099202500656
  y: 77.0
  z: 121.56724981077956
  yaw: 294.15158
  pitch: -11.465371
money: 299.0
ban:
  reason: if you say so
