timestamps:
  login: 1337593441697
  logout: 1337593469373
  lastteleport: 1337516081064
ipAddress: 100.42.152.178
lastlocation:
  world: world
  x: -234.6809913636521
  y: 66.0
  z: 653.819032444461
  yaw: -107.70619
  pitch: 36.89997
