timestamps:
  login: 1338538548966
  lastteleport: 1338540476808
  logout: 1338540543574
ipAddress: 67.215.135.235
lastlocation:
  world: world
  x: -597.3394485687708
  y: 63.0
  z: 305.3871550113012
  yaw: -269.81332
  pitch: 18.19715
