timestamps:
  login: 1333985161624
  lastteleport: 1333984555772
  logout: 1333985199106
ipAddress: 74.98.217.18
lastlocation:
  world: world
  x: 497.37525620290927
  y: 73.0
  z: 845.0588825639209
  yaw: -152.40007
  pitch: 20.377254
