timestamps:
  login: 1334358336675
  lastteleport: 1334358348707
  logout: 1334358395691
ipAddress: 82.1.137.207
lastlocation:
  world: world
  x: 403.32402327505054
  y: 68.0
  z: 164.23772170651986
  yaw: -180.62239
  pitch: 13.499733
