timestamps:
  login: 1334534281829
  lastteleport: 1334534319142
  logout: 1334534350831
ipAddress: 68.174.128.249
lastlocation:
  world: world
  x: 1499.2817706965125
  y: 70.0
  z: 178.63585159994767
  yaw: -80.569824
  pitch: 2.175438
