timestamps:
  login: 1338344507776
  logout: 1338344658139
  lastteleport: 1336386992255
ipAddress: 90.221.251.174
lastlocation:
  world: world
  x: -43.36125476579864
  y: 79.0
  z: 428.63639729107143
  yaw: -93.539764
  pitch: -9.485479
