timestamps:
  login: 1334053442436
  lastteleport: 1334053552009
  logout: 1334053844002
ipAddress: 94.11.51.42
lastlocation:
  world: world
  x: 403.3512080977902
  y: 68.0
  z: 167.8694789429758
  yaw: -180.47247
  pitch: 21.749731
