timestamps:
  login: 1335894227153
  lastteleport: 1335894299054
  logout: 1335894353543
ipAddress: 92.20.229.191
lastlocation:
  world: world
  x: 3859.0226335107536
  y: 71.0
  z: 322.0520483444075
  yaw: -165.53775
  pitch: 0.6059602
