timestamps:
  login: 1334037046229
  lastteleport: 1334037355934
  logout: 1334037383322
ipAddress: 74.179.212.69
lastlocation:
  world: world
  x: 403.29745787862163
  y: 67.0
  z: 120.17413573624542
  yaw: -202.62909
  pitch: 16.291208
money: 280.0
