timestamps:
  login: 1336707146713
  logout: 1336707220530
  lastteleport: 1336707206488
ipAddress: 71.198.81.247
lastlocation:
  world: world
  x: 3847.626705585241
  y: 64.0
  z: 131.2395295242007
  yaw: 343.2347
  pitch: 16.761713
money: 50.0
