timestamps:
  login: 1339986453168
  logout: 1339986528560
ipAddress: 216.255.60.142
lastlocation:
  world: world
  x: -218.69999998807904
  y: 64.0
  z: 257.30000001192093
  yaw: 128.99988
  pitch: 21.900015
