timestamps:
  login: 1339974327956
  logout: 1339974488560
ipAddress: 67.82.207.16
lastlocation:
  world: world
  x: -2.012976887614272
  y: 74.0
  z: 420.4453941998137
  yaw: -167.84973
  pitch: -6.900005
