timestamps:
  login: 1336450647504
  lastteleport: 1336451100425
  logout: 1336451112123
ipAddress: 24.130.158.180
lastlocation:
  world: world
  x: 3783.29610234317
  y: 64.0
  z: 124.7959542358758
  yaw: -76.952415
  pitch: 14.933048
homes:
  home:
    world: world
    x: 165.2747700439374
    y: 72.0
    z: -188.4181900531576
    yaw: -176.27963
    pitch: 20.890015
