timestamps:
  login: 1335315743663
  logout: 1335315752753
  lastteleport: 1335315540165
ipAddress: 142.46.131.10
lastlocation:
  world: world
  x: 766.7941069558881
  y: 67.0
  z: -2001.1837085073892
  yaw: 205.98885
  pitch: -9.517232
