timestamps:
  login: 1333928847215
  lastteleport: 1333928859616
  logout: 1333928935756
ipAddress: 121.221.27.147
lastlocation:
  world: world
  x: 375.86071866391933
  y: 90.0
  z: 984.0948425796757
  yaw: -196.67105
  pitch: 18.299974
