timestamps:
  login: 1335733596186
  lastteleport: 1335733631830
  logout: 1335733706269
ipAddress: 71.99.19.123
lastlocation:
  world: world
  x: 3859.378627705072
  y: 71.0
  z: 321.4075835337264
  yaw: -177.99445
  pitch: 5.109351
