timestamps:
  login: 1334003798166
  lastteleport: 1334003674618
  logout: 1334004038049
ipAddress: 70.59.169.58
lastlocation:
  world: world
  x: 404.4333037689431
  y: 68.0
  z: 168.77299336131884
  yaw: -176.81194
  pitch: 10.435421
