timestamps:
  login: 1340681524403
  logout: 1340682394604
ipAddress: 101.118.217.55
lastlocation:
  world: world
  x: -245.3311208089436
  y: 73.0
  z: 243.1504600610231
  yaw: -234.91028
  pitch: 5.6999764
