timestamps:
  login: 1335199284711
  lastteleport: 1335139637328
  logout: 1335199387691
ipAddress: 174.59.126.95
lastlocation:
  world: world
  x: 1493.8335265746193
  y: 70.0
  z: 187.16357348647168
  yaw: -50.71237
  pitch: 7.3560166
