timestamps:
  login: 1340025669195
  logout: 1340025898686
ipAddress: 96.60.251.239
lastlocation:
  world: world
  x: -38.26870020842692
  y: 74.0
  z: 497.96228514910365
  yaw: -289.35013
  pitch: -9.299986
