timestamps:
  login: 1335082701315
  lastteleport: 1335082705716
  logout: 1335082815557
ipAddress: 59.189.198.82
lastlocation:
  world: world
  x: 3101.8597255185177
  y: 75.0
  z: 804.3605413960994
  yaw: -353.28967
  pitch: 0.75000125
