timestamps:
  login: 1335491319397
  lastteleport: 1335491409599
  logout: 1335491418937
ipAddress: 108.13.77.206
lastlocation:
  world: world
  x: 3863.300000011921
  y: 64.0
  z: 329.30000001192093
  yaw: 147.75342
  pitch: 3.3630686
