timestamps:
  login: 1340328624918
  logout: 1340328647529
ipAddress: 50.99.166.36
lastlocation:
  world: world
  x: -33.80061654043405
  y: 74.5
  z: 474.65862166600465
  yaw: -6.150018
  pitch: 32.249996
