timestamps:
  login: 1340593537108
  logout: 1340594517585
ipAddress: 108.233.181.251
lastlocation:
  world: world
  x: -81.4406774090881
  y: 74.0
  z: 390.06489355506136
  yaw: -215.35352
  pitch: 24.446062
