timestamps:
  login: 1339600318180
  logout: 1339600527385
ipAddress: 66.69.228.250
lastlocation:
  world: world
  x: -340.2365812304928
  y: 63.0
  z: 601.1387410325186
  yaw: -55.051727
  pitch: 5.550031
