timestamps:
  login: 1335493054137
  lastteleport: 1335493396938
  logout: 1335493454580
ipAddress: 99.46.206.139
lastlocation:
  world: world
  x: 3855.521387621651
  y: 71.0
  z: 371.61675117136707
  yaw: 87.99541
  pitch: 18.750214
