timestamps:
  login: 1335912428604
  lastteleport: 1335912784863
  logout: 1335912866252
ipAddress: 99.115.66.140
lastlocation:
  world: world
  x: 3921.081992272846
  y: 87.0
  z: 252.51453284460322
  yaw: -101.45467
  pitch: 30.749994
money: 100.0
