timestamps:
  login: 1338442829534
  lastteleport: 1337917250623
  logout: 1338027488329
ipAddress: 166.248.3.187
lastlocation:
  world: world
  x: -62.43194613210585
  y: 77.0
  z: 409.13347194315276
  yaw: -301.5268
  pitch: 56.72476
