timestamps:
  login: 1337413452312
  lastteleport: 1337413463208
  logout: 1337413493618
ipAddress: 76.222.109.237
lastlocation:
  world: world
  x: -45.5
  y: 74.0
  z: 436.5
  yaw: 24.299856
  pitch: 7.349953
money: 0.0
