timestamps:
  login: 1334395798542
  lastteleport: 1334396071663
  logout: 1334397269248
ipAddress: 124.190.215.194
lastlocation:
  world: world
  x: 403.5165911468807
  y: 64.0
  z: 146.11124554277086
  yaw: 181.50438
  pitch: 7.1667356
money: 90.0
