timestamps:
  login: 1336425840771
  lastteleport: 1336424893817
  logout: 1336425975705
ipAddress: 75.187.202.199
lastlocation:
  world: world
  x: 3857.4935132308115
  y: 64.41999998688698
  z: 440.889745293417
  yaw: 93.45853
  pitch: 11.369242
