timestamps:
  login: 1334022935695
  lastteleport: 1334022961844
  logout: 1334023005385
ipAddress: 184.12.126.23
lastlocation:
  world: world
  x: 402.662896673029
  y: 64.0
  z: 152.59992515462693
  yaw: -187.52231
  pitch: 14.69973
