timestamps:
  login: 1338244187901
  lastteleport: 1335835315859
  logout: 1338244321407
ipAddress: 184.81.168.252
lastlocation:
  world: world
  x: 69.35076392235749
  y: 69.0
  z: 212.7172603100205
  yaw: -211.65016
  pitch: 9.5999975
money: 63.0
