timestamps:
  login: 1338682997897
  lastteleport: 1336672728473
  logout: 1338683029018
ipAddress: 88.148.229.23
lastlocation:
  world: world
  x: -90.29906364359667
  y: 77.0
  z: 467.4476413780332
  yaw: 7.509674
  pitch: 13.136015
money: 75.0
