timestamps:
  login: 1335556549412
  lastteleport: 1335556790677
  logout: 1335556918819
ipAddress: 178.76.156.211
lastlocation:
  world: world
  x: 534.2589680312944
  y: 68.0
  z: -1739.24820194178
  yaw: -336.12515
  pitch: 10.350023
