timestamps:
  login: 1336793398519
  lastteleport: 1336793422613
  logout: 1336793449399
ipAddress: 92.251.40.77
lastlocation:
  world: world
  x: 788.7658965279495
  y: 64.5
  z: -1089.7945574764751
  yaw: 164.63632
  pitch: -42.20039
