timestamps:
  login: 1336140677431
  logout: 1336140839601
  lastteleport: 1335851532090
ipAddress: 81.167.225.142
lastlocation:
  world: world
  x: 3927.486440666924
  y: 79.0
  z: 337.60166008951376
  yaw: -292.28598
  pitch: -64.44689
