timestamps:
  login: 1338684531035
  lastteleport: 1336299117256
  logout: 1338684532644
ipAddress: 98.233.48.93
lastlocation:
  world: world
  x: -37.180304379813315
  y: 77.0
  z: 435.5686482815942
  yaw: 333.76093
  pitch: 8.836392
