timestamps:
  login: 1336003310246
  lastteleport: 1336003340757
  logout: 1336003486635
ipAddress: 108.93.171.228
lastlocation:
  world: world
  x: 3878.516932127911
  y: 64.0
  z: 355.95652214025023
  yaw: 164.54845
  pitch: -6.837197
