timestamps:
  login: 1336701527171
  lastteleport: 1336702326281
ipAddress: 216.218.29.234
lastlocation:
  world: world
  x: 789.3979193008331
  y: 64.0
  z: -1128.0592965495741
  yaw: -88.93909
  pitch: 8.608774
