timestamps:
  login: 1333988074339
  lastteleport: 1333988735411
  logout: 1333988817244
ipAddress: 156.34.207.15
lastlocation:
  world: world
  x: 402.57799343211553
  y: 64.0
  z: 140.64439971662034
  yaw: -155.42273
  pitch: 14.249742
