timestamps:
  login: 1338261129685
  logout: 1338261140448
  lastteleport: 1337563084024
ipAddress: 78.69.47.51
lastlocation:
  world: world
  x: -88.69064909241757
  y: 77.0
  z: 466.30443380866757
  yaw: -313.98376
  pitch: 2.1408045
