timestamps:
  login: 1338020423711
  lastteleport: 1337147702119
  logout: 1338020442316
ipAddress: 71.167.1.99
lastlocation:
  world: world
  x: -112.69999998807907
  y: 83.0
  z: 415.30000001192093
  yaw: -48.583984
  pitch: 20.70732
money: 293.0
