timestamps:
  login: 1336225248396
  lastteleport: 1334583612581
  logout: 1336225489724
ipAddress: 85.227.235.213
lastlocation:
  world: world
  x: 3881.5
  y: 70.62000000476837
  z: 360.5
  yaw: 0.0
  pitch: 0.0
homes:
  home:
    world: world
    x: 293.30000001192093
    y: 65.0
    z: 118.58889254278118
    yaw: -34.283657
    pitch: 6.4415927
