timestamps:
  login: 1335050449196
  logout: 1335051638727
  lastteleport: 1335051087267
ipAddress: 24.190.197.108
lastlocation:
  world: world
  x: 3055.800749578582
  y: 62.0
  z: 1476.7102716103684
  yaw: -181.0209
  pitch: 38.18476
money: 299.0
