timestamps:
  login: 1336255392549
  logout: 1336255487022
  lastteleport: 1336255470081
ipAddress: 184.99.102.98
lastlocation:
  world: world
  x: 3859.39669546872
  y: 71.0
  z: 319.30000001192093
  yaw: -165.00713
  pitch: 7.2450128
