timestamps:
  login: 1334092494576
  lastteleport: 1334092579327
  logout: 1334092595364
ipAddress: 151.213.238.133
lastlocation:
  world: world
  x: 402.86447522315996
  y: 67.0
  z: 120.35657344347503
  yaw: -178.52173
  pitch: 9.749734
money: 50.0
