timestamps:
  login: 1333927217477
  lastteleport: 1333928404446
  logout: 1333928440133
ipAddress: 120.147.8.54
lastlocation:
  world: world
  x: 375.63649154360724
  y: 89.5
  z: 981.8236690818896
  yaw: 59.528942
  pitch: 10.049986
