timestamps:
  login: 1333998997425
  lastteleport: 1333999469558
  logout: 1333999543107
ipAddress: 99.182.10.71
lastlocation:
  world: world
  x: 401.92500001192093
  y: 67.0
  z: 118.45298131369623
  yaw: 208.32654
  pitch: 10.049966
