timestamps:
  login: 1339290523460
  logout: 1339290557931
ipAddress: 173.17.44.46
lastlocation:
  world: world
  x: -20.171504832697053
  y: 74.0
  z: 400.7102464076962
  yaw: 167.70003
  pitch: -7.199988
