timestamps:
  login: 1335213163640
  lastteleport: 1335214281254
  logout: 1335214466134
ipAddress: 66.75.122.218
lastlocation:
  world: world
  x: 763.1937804965228
  y: 67.0
  z: -2016.0573235874708
  yaw: 100.52222
  pitch: 10.500033
