timestamps:
  login: 1336822496847
  lastteleport: 1336690703107
  logout: 1336823821599
ipAddress: 173.88.52.235
lastlocation:
  world: world
  x: 792.7029698141079
  y: 64.0
  z: -1139.1673159399945
  yaw: -190.50104
  pitch: 6.758419
