timestamps:
  login: 1338832557915
  logout: 1338832824922
ipAddress: 78.53.156.129
lastlocation:
  world: world
  x: 8.464345646555644
  y: 97.0
  z: 462.7428990112049
  yaw: -177.29962
  pitch: 14.999991
