timestamps:
  login: 1334776260634
  logout: 1334776262266
  lastteleport: 1334709209077
ipAddress: 24.45.231.128
lastlocation:
  world: world
  x: 3581.644265467989
  y: 67.0
  z: 1766.5706275588798
  yaw: 40.619934
  pitch: 25.175945
