timestamps:
  login: 1333989040465
  logout: 1333989101497
  lastteleport: 1333988421906
ipAddress: 130.204.41.245
lastlocation:
  world: world
  x: 372.81103074795925
  y: 66.0
  z: 143.84308963200897
  yaw: -282.47156
  pitch: 41.84973
