timestamps:
  login: 1340478489984
  logout: 1340479733860
ipAddress: 2.124.138.217
lastlocation:
  world: world
  x: -36.90606721288842
  y: 74.0
  z: 419.23172914705697
  yaw: -67.34961
  pitch: 15.750043
