timestamps:
  login: 1340780125573
  logout: 1340780353894
ipAddress: 82.15.170.164
lastlocation:
  world: world
  x: -35.17145010321002
  y: 74.0
  z: 421.98004228338624
  yaw: 57.599937
  pitch: -8.100005
