timestamps:
  login: 1338171678692
  logout: 1338171691041
  lastteleport: 1336461311754
ipAddress: 86.186.1.34
lastlocation:
  world: world
  x: -61.81139173423103
  y: 85.0
  z: 429.5086397982892
  yaw: -108.02063
  pitch: -10.261737
