timestamps:
  login: 1336893099809
  logout: 1336893229860
  lastteleport: 1336887868801
ipAddress: 70.49.169.62
lastlocation:
  world: world
  x: 3914.6752174350067
  y: 86.0
  z: 414.9748423385021
  yaw: 67.44535
  pitch: 13.8002205
ban:
  reason: No Advertising
  timeout: 1337015879169
