timestamps:
  login: 1338329548323
  lastteleport: 1334676404982
  logout: 1338329557190
ipAddress: 90.224.146.214
lastlocation:
  world: world
  x: -49.5
  y: 80.0
  z: 428.5
  yaw: -79.24573
  pitch: 21.81652
homes:
  home:
    world: world
    x: 3323.424755727159
    y: 62.0
    z: 1878.2939847101206
    yaw: 261.52582
    pitch: 10.199982
