timestamps:
  login: 1335796256886
  lastteleport: 1335414068916
  logout: 1335796267182
ipAddress: 98.203.224.90
lastlocation:
  world: world
  x: 3767.001501255283
  y: 62.0
  z: 1562.2812199132147
  yaw: 213.03772
  pitch: 41.022446
