timestamps:
  login: 1340501780104
  lastteleport: 1340501825679
  logout: 1340501937453
ipAddress: 124.171.12.55
lastlocation:
  world: world
  x: 2755.699999988079
  y: 131.0
  z: 1175.699999988079
  yaw: 113.671776
  pitch: 1.4999988
