timestamps:
  login: 1337286825609
  logout: 1337288493141
  lastteleport: 1337288405785
ipAddress: 80.212.173.2
lastlocation:
  world: world
  x: -196.30279060519524
  y: 63.0
  z: 578.1673153901585
  yaw: -132.48438
  pitch: -40.446358
