timestamps:
  login: 1338341759129
  logout: 1338342208089
  lastteleport: 1336498015140
ipAddress: 178.208.197.37
lastlocation:
  world: world
  x: -89.5175191926435
  y: 77.0
  z: 480.36470609439044
  yaw: -81.09894
  pitch: -0.7499352
money: 295.0
