timestamps:
  login: 1335888664493
  lastteleport: 1335887656098
  logout: 1335888886938
ipAddress: 83.233.21.169
lastlocation:
  world: world
  x: 3888.199131755583
  y: 64.0
  z: 367.6763827062205
  yaw: 140.79544
  pitch: 16.200216
ban:
  reason: Temporarily banned from server for  3 days
  timeout: 1336229934392
