timestamps:
  login: 1334620472872
  logout: 1334499426842
ipAddress: 98.26.96.155
lastlocation:
  world: world
  x: 1481.5
  y: 71.27372962235697
  z: 198.5
  yaw: 0.3
  pitch: -0.14999999
