timestamps:
  login: 1336672384621
  lastteleport: 1336672652719
  logout: 1336672871614
ipAddress: 79.176.142.104
lastlocation:
  world: world
  x: 3888.31888109168
  y: 64.0
  z: 366.7855540484721
  yaw: 145.44542
  pitch: 29.700212
