timestamps:
  login: 1333989874687
  lastteleport: 1333989946300
  logout: 1333990373072
ipAddress: 76.118.0.239
lastlocation:
  world: world
  x: 390.64069171714567
  y: 64.0
  z: 143.30602489927944
  yaw: -95.24252
  pitch: 11.40892
