timestamps:
  login: 1333996393186
  lastteleport: 1333995885072
  logout: 1333996396412
ipAddress: 74.215.157.5
lastlocation:
  world: world
  x: 403.5234104998017
  y: 67.0
  z: 120.63111921236522
  yaw: -181.9723
  pitch: 9.899733
