timestamps:
  login: 1336200687857
  lastteleport: 1336201210764
  logout: 1336201546402
ipAddress: 81.166.95.153
lastlocation:
  world: world
  x: 3885.5804657040276
  y: 64.0
  z: 365.03408044158164
  yaw: 153.54538
  pitch: 21.000212
