timestamps:
  login: 1336276960802
  lastteleport: 1335732428731
  logout: 1336276971074
ipAddress: 98.240.189.27
lastlocation:
  world: world
  x: 3859.3240097251532
  y: 71.0
  z: 321.0371642187646
  yaw: 174.24564
  pitch: 10.350217
