timestamps:
  login: 1336691392552
  lastteleport: 1336690273808
  logout: 1336690432803
ipAddress: 24.20.43.190
lastlocation:
  world: world
  x: 3857.702630482415
  y: 71.0
  z: 320.12868374641926
  yaw: 176.79555
  pitch: 3.600003
money: 600.0
