timestamps:
  login: 1333991689471
  lastteleport: 1333991854961
  logout: 1333991885483
ipAddress: 94.246.12.143
lastlocation:
  world: world
  x: 404.2610277659115
  y: 68.0
  z: 183.9871280343069
  yaw: -174.17249
  pitch: 19.5
