timestamps:
  login: 1335400990003
  lastteleport: 1335401163395
  logout: 1335401166033
ipAddress: 70.70.192.73
lastlocation:
  world: world
  x: 3493.5330852806333
  y: 91.0
  z: 1815.699999988079
  yaw: 90.0
  pitch: 4.0
ban:
  reason: Hacks
