timestamps:
  login: 1338125558292
  logout: 1338126278287
  lastteleport: 1338125927804
ipAddress: 76.107.122.2
lastlocation:
  world: world
  x: -31.279489374729124
  y: 77.0
  z: 396.2124557216169
  yaw: -308.64822
  pitch: 52.649975
