timestamps:
  login: 1336340055512
  lastteleport: 1336340138106
  logout: 1336340280445
ipAddress: 81.131.72.81
lastlocation:
  world: world
  x: 3928.3768499072294
  y: 87.0
  z: 279.1941193728148
  yaw: -93.95442
  pitch: 17.850224
