timestamps:
  login: 1335638070209
  lastteleport: 1335638607840
  logout: 1335638935639
ipAddress: 173.55.220.59
lastlocation:
  world: world
  x: 3891.552225432109
  y: 64.0
  z: 369.44592762456716
  yaw: 134.19547
  pitch: 20.550215
