timestamps:
  login: 1334493106312
  logout: 1334493147850
  lastteleport: 1334478914306
ipAddress: 109.169.104.199
lastlocation:
  world: world
  x: 1495.1100723557902
  y: 70.0
  z: 179.28250343190942
  yaw: 285.57135
  pitch: 10.95001
