timestamps:
  login: 1340679973005
  logout: 1340680164605
ipAddress: 24.0.95.231
lastlocation:
  world: world
  x: -108.68026499628274
  y: 73.0
  z: 462.60672266090666
  yaw: 89.24997
  pitch: -77.700005
