timestamps:
  login: 1335632023582
  lastteleport: 1335632408771
  logout: 1335632589182
ipAddress: 188.113.88.45
lastlocation:
  world: world
  x: 2170.8102933880364
  y: 63.0
  z: 60.24176274810003
  yaw: -279.9699
  pitch: -18.687431
money: 80.0
