timestamps:
  login: 1340070016675
  logout: 1340070035266
ipAddress: 71.82.138.189
lastlocation:
  world: world
  x: -43.24678655345806
  y: 74.5
  z: 434.83925844295794
  yaw: -159.29402
  pitch: -1.4027963
