timestamps:
  login: 1335554627152
  lastteleport: 1335555067834
  logout: 1335555369074
ipAddress: 79.135.104.137
lastlocation:
  world: world
  x: 3877.7343108727314
  y: 87.0
  z: 284.33149691189385
  yaw: 223.44554
  pitch: 3.5999954
