timestamps:
  login: 1335107625916
  logout: 1335114182230
  lastteleport: 1335113641848
ipAddress: 71.60.97.124
lastlocation:
  world: world
  x: 3187.1569313925747
  y: 74.0
  z: 572.0424668146894
  yaw: 257.42282
  pitch: 12.425819
money: 285.0
