timestamps:
  login: 1334188963368
  lastteleport: 1334189047218
  logout: 1334189220457
ipAddress: 68.117.118.182
lastlocation:
  world: world
  x: 385.2195862350894
  y: 64.0
  z: 145.009118801505
  yaw: -99.022705
  pitch: 7.6497374
money: 0.0
