timestamps:
  login: 1336065746187
  lastteleport: 1336065760387
  logout: 1336066121378
ipAddress: 88.112.44.41
lastlocation:
  world: world
  x: 3880.6757274820143
  y: 64.0
  z: 355.58462135947156
  yaw: 156.96692
  pitch: 14.306486
