timestamps:
  login: 1335556382486
  lastteleport: 1335556795175
  logout: 1335557114176
ipAddress: 69.117.136.203
lastlocation:
  world: world
  x: 3833.300000011921
  y: 61.0
  z: 127.81983151684439
  yaw: 205.85315
  pitch: 6.4358573
