timestamps:
  login: 1333925484673
  lastteleport: 1333925526025
  logout: 1333925571600
ipAddress: 186.177.10.4
lastlocation:
  world: world
  x: 377.5226411780149
  y: 80.03584062504456
  z: 980.7198022287339
  yaw: -306.94034
  pitch: 55.298306
