timestamps:
  login: 1338044893336
  logout: 1338044922787
  lastteleport: 1337362099580
ipAddress: 78.73.91.35
lastlocation:
  world: world
  x: -103.44427624344786
  y: 74.5
  z: 428.8272181724252
  yaw: 166.69946
  pitch: -16.565216
