timestamps:
  login: 1340540099738
  logout: 1340540629607
ipAddress: 77.105.82.157
lastlocation:
  world: world
  x: 222.6999999880791
  y: 74.12398893289647
  z: 229.30000001192093
  yaw: -94.94949
  pitch: -54.59999
