timestamps:
  login: 1333990185542
  lastteleport: 1333992774511
  logout: 1333992838434
ipAddress: 86.25.16.84
lastlocation:
  world: world
  x: 403.12476934192637
  y: 68.0
  z: 196.3058246327653
  yaw: -219.76953
  pitch: 44.850582
