timestamps:
  login: 1333998657293
  lastteleport: 1333988500772
  logout: 1333998684470
ipAddress: 68.173.177.194
lastlocation:
  world: world
  x: 402.97163138743974
  y: 68.0
  z: 167.06325692291506
  yaw: -171.38416
  pitch: 30.744247
