timestamps:
  login: 1335385217243
  lastteleport: 1335385073920
  logout: 1335385350258
ipAddress: 68.36.70.196
lastlocation:
  world: world
  x: 766.1819588441086
  y: 67.0
  z: -2016.4167591730659
  yaw: 141.02371
  pitch: 30.450003
