timestamps:
  login: 1335815227628
  lastteleport: 1335815262703
  logout: 1335815336666
ipAddress: 67.82.93.116
lastlocation:
  world: world
  x: 3859.5151643747854
  y: 71.0
  z: 319.9792166398598
  yaw: -24.922577
  pitch: 8.742274
