timestamps:
  login: 1334276633363
  lastteleport: 1334276662568
  logout: 1334276923551
ipAddress: 71.51.78.69
lastlocation:
  world: world
  x: 404.06958065304843
  y: 68.0
  z: 191.63093856468015
  yaw: -180.47247
  pitch: 21.749731
