timestamps:
  login: 1338101635044
  lastteleport: 1334883499627
  logout: 1338102185456
ipAddress: 68.112.255.108
lastlocation:
  world: world
  x: -39.805395544596394
  y: 77.0
  z: 415.9501785962659
  yaw: -133.39258
  pitch: 17.393095
