timestamps:
  login: 1335855774745
  lastteleport: 1335856156742
  logout: 1335856409088
ipAddress: 31.11.79.19
lastlocation:
  world: world
  x: 3869.293614920898
  y: 64.0
  z: 337.0277757232957
  yaw: 133.29546
  pitch: 12.450211
money: 295.0
