timestamps:
  login: 1338043606629
  logout: 1338043672788
  lastteleport: 1337873991359
ipAddress: 58.111.87.149
lastlocation:
  world: world
  x: -50.01196523458497
  y: 80.0
  z: 428.5393819411218
  yaw: -225.11374
  pitch: 37.18144
