timestamps:
  login: 1333991833978
  lastteleport: 1333991929113
  logout: 1333991941629
ipAddress: 98.233.74.63
lastlocation:
  world: world
  x: 404.08485543557777
  y: 67.0
  z: 118.57675499186671
  yaw: 51.426483
  pitch: -2.5500379
