timestamps:
  login: 1334371295114
  lastteleport: 1334371353982
  logout: 1334371404603
ipAddress: 50.99.176.110
lastlocation:
  world: world
  x: 403.22654019669505
  y: 67.0
  z: 121.58398261070285
  yaw: -171.1767
  pitch: 1.6084166
