timestamps:
  login: 1335044531091
  lastteleport: 1335044880852
  logout: 1335044929418
ipAddress: 24.222.160.201
lastlocation:
  world: world
  x: 3107.3436566020714
  y: 80.0
  z: 1416.7211029053
  yaw: -355.56418
  pitch: 19.499985
