timestamps:
  login: 1340683562729
  logout: 1340683629604
ipAddress: 173.228.6.44
lastlocation:
  world: world
  x: -61.392577370493164
  y: 74.0
  z: 441.84017416485676
  yaw: -59.099915
  pitch: 25.350008
