timestamps:
  login: 1338206188641
  logout: 1338206301048
ipAddress: 124.183.101.214
lastlocation:
  world: world
  x: -52.55839252911228
  y: 79.0
  z: 430.30376310312914
  yaw: -109.83826
  pitch: 16.922712
