timestamps:
  login: 1335642370618
  lastteleport: 1335644551644
  logout: 1335644854701
ipAddress: 184.0.85.33
lastlocation:
  world: world
  x: 3884.699999988079
  y: 64.0
  z: 358.2304448743901
  yaw: 349.44553
  pitch: -1.7999982
