timestamps:
  login: 1335305128161
  logout: 1335305912599
  lastteleport: 1335305613763
ipAddress: 71.177.0.241
lastlocation:
  world: world
  x: 3626.300000011921
  y: 71.0
  z: 1953.445502031526
  yaw: -204.97812
  pitch: -53.40001
