timestamps:
  login: 1334527980947
  lastteleport: 1334438805669
  logout: 1334528337640
ipAddress: 122.107.224.96
lastlocation:
  world: world
  x: 1488.5
  y: 70.0
  z: 194.5
  yaw: -183.18709
  pitch: 10.421567
