timestamps:
  login: 1335302764512
  lastteleport: 1335302882809
  logout: 1335302897599
ipAddress: 74.133.19.64
lastlocation:
  world: world
  x: 793.9063535700363
  y: 67.0
  z: -1997.5930985622927
  yaw: 271.07324
  pitch: 4.1999536
