timestamps:
  login: 1338514598729
  lastteleport: 1338514885877
  logout: 1338514988501
ipAddress: 82.10.210.6
lastlocation:
  world: world_nether
  x: 272.8100949028898
  y: 128.0
  z: 136.89023151617508
  yaw: -263.1567
  pitch: 29.138718
