timestamps:
  login: 1335433675120
  lastteleport: 1335249066555
  logout: 1335433746818
ipAddress: 90.213.142.182
lastlocation:
  world: world
  x: 397.61234066125064
  y: 70.0
  z: -169.10215875764214
  yaw: -134.95634
  pitch: 51.31881
