timestamps:
  login: 1340945160211
  logout: 1340945641415
ipAddress: 71.15.105.192
lastlocation:
  world: world_nether
  x: 223.98480601870273
  y: 45.0
  z: 189.48910717582817
  yaw: -313.5149
  pitch: 4.7999554
