timestamps:
  login: 1340054101051
  logout: 1340054158825
ipAddress: 108.245.73.173
lastlocation:
  world: world
  x: -46.6401302903022
  y: 74.5
  z: 434.65486820904044
  yaw: -285.05597
  pitch: 13.714285
