timestamps:
  login: 1339967880232
  logout: 1339968028560
ipAddress: 96.243.209.141
lastlocation:
  world: world
  x: -113.21194775604705
  y: 18.19738215933283
  z: 505.33386147892253
  yaw: 233.69958
  pitch: -3.1499813
