timestamps:
  login: 1335488230091
  lastteleport: 1335488375891
  logout: 1335488919783
ipAddress: 174.53.183.19
lastlocation:
  world: world
  x: 700.5942725672281
  y: 65.25220334025373
  z: -2123.250399917927
  yaw: 52.823822
  pitch: 24.750008
