timestamps:
  login: 1336684210934
  logout: 1336684562853
  lastteleport: 1336684216808
ipAddress: 74.195.123.77
lastlocation:
  world: world
  x: 3887.9228603258907
  y: 64.0
  z: 366.5862012972364
  yaw: 135.58452
  pitch: 19.573101
homes:
  home:
    world: world
    x: 4177.699999988079
    y: 35.0
    z: 2047.3085675456489
    yaw: 91.18703
    pitch: 32.869476
money: 0.0
