timestamps:
  login: 1333991187983
  lastteleport: 1333992018258
  logout: 1333992184704
ipAddress: 85.220.106.163
lastlocation:
  world: world
  x: 217.3255148696362
  y: 65.0
  z: 699.405144114165
  yaw: 45.579773
  pitch: 2.5500147
