timestamps:
  login: 1333992003571
  lastteleport: 1333992017326
  logout: 1333992100846
ipAddress: 94.171.183.57
lastlocation:
  world: world
  x: 404.666562111403
  y: 68.0
  z: 169.1956447647635
  yaw: -188.5725
  pitch: 24.749725
