timestamps:
  login: 1339577736152
  logout: 1339577949662
ipAddress: 58.6.189.220
lastlocation:
  world: world
  x: -107.40054650881873
  y: 74.0
  z: 463.1684207059675
  yaw: 111.13672
  pitch: 76.79636
