timestamps:
  login: 1341011734799
  logout: 1341012275176
  lastteleport: 1341011961564
ipAddress: 58.6.185.55
lastlocation:
  world: world
  x: 1712.4546292179073
  y: 64.0
  z: 1630.0854166869278
  yaw: -113.77478
  pitch: -50.861973
