timestamps:
  login: 1333992655546
  lastteleport: 1333992668398
  logout: 1333992768484
ipAddress: 79.102.56.11
lastlocation:
  world: world
  x: 234.11306700359927
  y: 66.0
  z: 769.1426079218107
  yaw: 134.67957
  pitch: 1.3499652
