timestamps:
  login: 1336335910535
  lastteleport: 1336137953981
  logout: 1336335835151
ipAddress: 68.3.192.39
lastlocation:
  world: world
  x: 3891.508474926667
  y: 64.0
  z: 370.32513056988256
  yaw: 136.59544
  pitch: 20.100214
homes:
  home:
    world: world
    x: 1204.9269359685609
    y: 66.0
    z: 520.6735523422279
    yaw: -90.308586
    pitch: 7.6499467
