timestamps:
  login: 1334249679351
  lastteleport: 1334249934954
  logout: 1334250029143
ipAddress: 82.24.85.126
lastlocation:
  world: world
  x: 403.21560859126976
  y: 64.5
  z: 135.15513269637796
  yaw: -180.02243
  pitch: 11.0997305
