timestamps:
  login: 1335216337910
  logout: 1335217201084
  lastteleport: 1335216754302
ipAddress: 76.238.193.68
lastlocation:
  world: world
  x: 3250.5126403702297
  y: 66.0
  z: 1780.5505845659025
  yaw: -132.37991
  pitch: 10.786559
money: 294.0
