timestamps:
  login: 1335656510122
  lastteleport: 1335653883044
  logout: 1335656512864
ipAddress: 24.31.158.69
lastlocation:
  world: world_the_end
  x: 98.5
  y: 49.0
  z: -0.5
  yaw: 100.440125
  pitch: 5.112583
money: 299.0
