timestamps:
  login: 1338548812215
  logout: 1338548849101
  lastteleport: 1337839092803
  lastheal: 1337839118780
ipAddress: 70.113.1.214
lastlocation:
  world: world
  x: 1577.4735876517761
  y: 69.0
  z: 294.75832334525205
  yaw: -158.71236
  pitch: 10.649945
money: 7814.0
homes:
  home:
    world: world
    x: 1584.5215360363163
    y: 69.0
    z: 405.5433074161907
    yaw: -97.36304
    pitch: 57.299995
godmode: false
ban:
  reason: Temporarily banned from server for  4 days 1 second
  timeout: 0
