timestamps:
  login: 1333999335626
  logout: 1333999543107
  lastteleport: 1333999362696
ipAddress: 50.131.163.211
lastlocation:
  world: world
  x: 402.4074815885655
  y: 68.0
  z: 166.1462878344465
  yaw: -177.1723
  pitch: 13.34974
