timestamps:
  login: 1336062548465
  logout: 1336062609612
  lastteleport: 1336054830820
ipAddress: 85.23.148.108
lastlocation:
  world: world
  x: 3531.168047199725
  y: 63.0
  z: 1895.1842051619744
  yaw: 148.59937
  pitch: 21.72081
