timestamps:
  login: 1335305077265
  lastteleport: 1335305191562
  logout: 1335305337599
ipAddress: 70.20.40.223
lastlocation:
  world: world_the_end
  x: 62.18963736712772
  y: 49.0
  z: -2.037467244143588
  yaw: 273.60184
  pitch: 23.028416
