timestamps:
  login: 1338112615794
  logout: 1338112604983
ipAddress: 67.253.62.109
lastlocation:
  world: world
  x: -129.8599668165234
  y: 81.0
  z: 429.6153253509844
  yaw: -105.99889
  pitch: 38.950214
