timestamps:
  login: 1335491950147
  lastteleport: 1335492056082
  logout: 1335492136698
ipAddress: 71.84.174.171
lastlocation:
  world: world
  x: 3915.494367615145
  y: 84.0
  z: 314.7942854478988
  yaw: 276.1423
  pitch: 26.577082
