timestamps:
  login: 1336366465859
  lastteleport: 1336369160098
  logout: 1336369532159
ipAddress: 66.223.172.54
lastlocation:
  world: world
  x: 3894.050181780267
  y: 87.0
  z: 277.18128608160214
  yaw: -35.067406
  pitch: 15.594106
