timestamps:
  login: 1340924697587
  logout: 1340924730469
ipAddress: 23.28.13.176
lastlocation:
  world: world
  x: -40.92500001192093
  y: 84.0
  z: 427.57953571211283
  yaw: 175.93515
  pitch: 36.131134
