timestamps:
  login: 1333994329687
  lastteleport: 1333994379189
  logout: 1333994444590
ipAddress: 50.137.68.58
lastlocation:
  world: world
  x: 376.04462427303883
  y: 65.0
  z: 929.2645205022586
  yaw: -173.4201
  pitch: 11.999934
money: 120.0
