timestamps:
  login: 1334947725368
  lastteleport: 1334947321383
  logout: 1334948576365
ipAddress: 77.106.140.235
lastlocation:
  world: world
  x: 3474.2726008064183
  y: 64.0
  z: 1844.0290606937892
  yaw: 192.37634
  pitch: 1.7203584
money: 299.0
