timestamps:
  login: 1336086736276
  lastteleport: 1336086855724
  logout: 1336086996066
ipAddress: 71.11.216.149
lastlocation:
  world: world
  x: 3857.880081423523
  y: 76.0
  z: 318.5292075138738
  yaw: 87.99548
  pitch: 23.700207
