timestamps:
  login: 1340930447923
  lastteleport: 1340737154664
  logout: 1340930470469
ipAddress: 74.244.229.195
lastlocation:
  world: world
  x: 88.08535425487973
  y: 68.0
  z: 679.6071942990505
  yaw: -305.29227
  pitch: 5.1170883
