timestamps:
  login: 1335457989913
  lastteleport: 1335458254261
  logout: 1335458262703
ipAddress: 76.120.230.57
lastlocation:
  world: world
  x: 764.471225596905
  y: 67.0
  z: -2016.8660919992326
  yaw: 117.473785
  pitch: -0.74999255
