timestamps:
  login: 1334192914335
  lastteleport: 1334191134014
  logout: 1334192985957
ipAddress: 71.80.224.183
lastlocation:
  world: world
  x: 403.82991351024594
  y: 67.0
  z: 119.07499998807907
  yaw: 358.9267
  pitch: 23.999962
