timestamps:
  login: 1334500637589
  logout: 1334501324795
  lastteleport: 1334501089944
ipAddress: 65.26.65.12
lastlocation:
  world: world
  x: 1479.7613206422398
  y: 70.0
  z: 196.32609280218674
  yaw: 156.12793
  pitch: 5.0461116
