timestamps:
  login: 1340687512785
  logout: 1340687809655
ipAddress: 27.252.159.92
lastlocation:
  world: world
  x: -133.44554874611677
  y: 69.0
  z: 778.5008879035373
  yaw: -46.648262
  pitch: 89.24996
