timestamps:
  login: 1341064470461
  logout: 1341065980177
  lastteleport: 1341065555063
  jail: 0
  mute: 0
ipAddress: 76.88.145.95
lastlocation:
  world: world
  x: 2770.172341433311
  y: 133.0
  z: 1190.73148188303
  yaw: -88.37245
  pitch: 1.1406862
jailed: false
muted: false
money: 125.0
