timestamps:
  login: 1335890485747
  lastteleport: 1335890471343
  logout: 1335890496938
ipAddress: 74.139.75.165
lastlocation:
  world: world
  x: 3756.3244198955986
  y: 92.0
  z: 305.76591180252666
  yaw: 211.86763
  pitch: 37.13424
