timestamps:
  login: 1335482663929
  lastteleport: 1335482677082
  logout: 1335482697363
ipAddress: 68.36.209.109
lastlocation:
  world: world
  x: 734.1474030292032
  y: 73.0
  z: -1990.5150233911747
  yaw: 268.6738
  pitch: 12.1500025
