timestamps:
  login: 1340993742489
  lastteleport: 1340993479327
  logout: 1340993808220
ipAddress: 79.70.96.242
lastlocation:
  world: world
  x: 678.4689851030546
  y: 64.0
  z: 724.5490347453739
  yaw: -69.74939
  pitch: 51.749973
