timestamps:
  login: 1336611332518
  logout: 1336611354004
  lastteleport: 1335116148577
ipAddress: 74.127.171.223
lastlocation:
  world: world
  x: 3184.8785008854015
  y: 74.0
  z: 574.3814707145798
  yaw: 180.8657
  pitch: 8.249979
money: 292.0
