timestamps:
  login: 1338522989055
  logout: 1338523036063
ipAddress: 90.224.61.136
lastlocation:
  world: world
  x: -99.71116242201722
  y: 77.0
  z: 477.19083743496657
  yaw: 275.5522
  pitch: 20.312712
