timestamps:
  login: 1335045248190
  logout: 1335045539830
  lastteleport: 1335045307016
ipAddress: 69.14.108.115
lastlocation:
  world: world
  x: 3054.9466718256144
  y: 62.0
  z: 1476.3954226228122
  yaw: -171.51447
  pitch: 34.50001
