timestamps:
  login: 1335121254764
  lastteleport: 1335122612847
  logout: 1335122618931
ipAddress: 142.179.255.236
lastlocation:
  world: world
  x: 1840.4322813320834
  y: 63.0
  z: -682.9664673922695
  yaw: 3.8354928
  pitch: 6.5949974
money: 293.0
