timestamps:
  login: 1340677550229
  lastteleport: 1340677340810
  logout: 1340677549654
ipAddress: 72.185.133.155
lastlocation:
  world: world
  x: 2868.0051266766036
  y: 69.0
  z: 2998.7468807517153
  yaw: -60.8692
  pitch: 22.950048
