timestamps:
  login: 1338237215753
  lastteleport: 1338237623046
  logout: 1338237641325
ipAddress: 76.19.1.39
lastlocation:
  world: world
  x: 2936.997573155002
  y: 12.0
  z: 2943.870681099437
  yaw: 254.17023
  pitch: 12.985549
homes:
  home:
    world: world
    x: 2978.470716875317
    y: 33.0
    z: 2986.09035428301
    yaw: -319.09494
    pitch: 4.5531254
