timestamps:
  login: 1338120359099
  logout: 1338120367656
ipAddress: 68.231.32.250
lastlocation:
  world: world
  x: 0.699999988079071
  y: 96.0
  z: 408.47374075574476
  yaw: -113.64792
  pitch: 19.949993
