timestamps:
  login: 1333925959801
  lastteleport: 1333925865489
  logout: 1333925950638
ipAddress: 121.72.193.77
lastlocation:
  world: world
  x: 375.40682465247903
  y: 89.5
  z: 984.4563281724371
  yaw: -122.789566
  pitch: 19.457418
