timestamps:
  login: 1335035037899
  lastteleport: 1334933014919
  logout: 1335035099054
ipAddress: 83.108.67.18
lastlocation:
  world: world
  x: 3055.7384258123343
  y: 62.0
  z: 1477.321884059103
  yaw: -186.21448
  pitch: 10.49999
money: 299.0
