timestamps:
  login: 1340537990690
  lastteleport: 1340514629424
  logout: 1340538004138
ipAddress: 67.235.133.104
lastlocation:
  world: world
  x: -54.87546039792012
  y: 74.0
  z: 430.7921651752867
  yaw: -19.964895
  pitch: 31.314512
