timestamps:
  login: 1335401383552
  lastteleport: 1335401629850
  logout: 1335401736033
ipAddress: 68.158.35.159
lastlocation:
  world: world
  x: 765.6999999880791
  y: 67.0
  z: -1994.2764974154952
  yaw: 175.6738
  pitch: 11.700002
