timestamps:
  login: 1340579180980
  logout: 1340579200148
ipAddress: 108.192.161.76
lastlocation:
  world: world
  x: 182.79866193201525
  y: 59.17623578691134
  z: 439.3544725593986
  yaw: -335.7005
  pitch: 18.150032
