timestamps:
  login: 1337125477905
  lastteleport: 1337125737304
  logout: 1337125819624
ipAddress: 188.221.16.252
lastlocation:
  world: world
  x: 44.17789070677364
  y: 15.0
  z: 521.7920984852376
  yaw: 59.700134
  pitch: -5.400023
