timestamps:
  login: 1333926917574
  lastteleport: 1333927224976
  logout: 1333927395294
ipAddress: 99.126.221.151
lastlocation:
  world: world
  x: 376.05178255511333
  y: 65.0
  z: 943.5004656848157
  yaw: -216.85394
  pitch: 23.173676
