timestamps:
  login: 1335051637974
  lastteleport: 1335051743601
  logout: 1335051803727
ipAddress: 96.236.137.216
lastlocation:
  world: world
  x: 3408.2130216772694
  y: 67.0
  z: 1896.994992757242
  yaw: 200.31909
  pitch: -0.84896314
money: 299.0
