timestamps:
  login: 1340474910223
  lastteleport: 1340474645027
  logout: 1340474978861
ipAddress: 75.140.25.0
lastlocation:
  world: world
  x: -45.456347094160556
  y: 77.0
  z: 426.4180937504511
  yaw: -343.86566
  pitch: -37.24009
