timestamps:
  login: 1335210459556
  lastteleport: 1335211683147
  logout: 1335211891084
ipAddress: 98.114.160.52
lastlocation:
  world: world
  x: 734.5949460887466
  y: 73.0
  z: -1990.4568359820419
  yaw: 268.9738
  pitch: 12.450003
money: 299.0
