timestamps:
  login: 1335406147364
  logout: 1335406281201
ipAddress: 67.172.110.99
lastlocation:
  world: world
  x: 767.5217960747119
  y: 67.0
  z: -2014.1576638877448
  yaw: 93.62407
  pitch: 28.950006
