timestamps:
  login: 1333989878486
  lastteleport: 1333987913426
  logout: 1333989881112
ipAddress: 72.49.241.184
lastlocation:
  world: world
  x: 403.59556659678566
  y: 68.0
  z: 167.0420408029983
  yaw: -188.27216
  pitch: 19.949692
