timestamps:
  login: 1334004461626
  lastteleport: 1334004504264
  logout: 1334004770793
ipAddress: 46.230.221.176
lastlocation:
  world: world
  x: 403.60371548389975
  y: 67.0
  z: 132.79901326624622
  yaw: -170.69444
  pitch: 20.42388
