timestamps:
  login: 1336688421859
  lastteleport: 1336688561960
  logout: 1336688612853
ipAddress: 69.122.2.121
lastlocation:
  world: world
  x: 819.7039734466745
  y: 63.0
  z: -1141.9220156136646
  yaw: 281.21152
  pitch: -20.699991
