timestamps:
  login: 1336334074866
  lastteleport: 1336333796830
  logout: 1336334289211
ipAddress: 99.239.131.51
lastlocation:
  world: world
  x: 3858.6492687247282
  y: 71.0
  z: 322.05663806441856
  yaw: 266.88132
  pitch: -5.801755
