timestamps:
  login: 1334455493373
  lastteleport: 1334455618817
  logout: 1334455659690
ipAddress: 108.28.73.109
lastlocation:
  world: world
  x: 1492.11153123904
  y: 70.0
  z: 194.77103802082655
  yaw: -249.24162
  pitch: 10.06863
