timestamps:
  login: 1334000248220
  lastteleport: 1334000471253
  logout: 1334000694651
ipAddress: 66.91.244.28
lastlocation:
  world: world
  x: 403.49133025818895
  y: 64.0
  z: 159.6645386593631
  yaw: -171.92241
  pitch: 28.349737
money: 50.0
