timestamps:
  login: 1335243429681
  lastteleport: 1335243906244
  logout: 1335244017390
ipAddress: 81.230.29.231
lastlocation:
  world: world
  x: 733.3000000119209
  y: 73.0
  z: -1990.433617182358
  yaw: 267.04068
  pitch: 6.9784193
homes:
  home:
    world: world
    x: 692.1862384758178
    y: 71.0
    z: -2218.635289893488
    yaw: 8.552283
    pitch: 37.195415
money: 599.0
