timestamps:
  login: 1338189585576
  logout: 1338189585593
ipAddress: 206.217.16.219
lastlocation:
  world: world
  x: -49.5
  y: 80.0
  z: 428.5
  yaw: -179.64813
  pitch: 23.050251
