timestamps:
  login: 1334530688472
  lastteleport: 1334530814418
  logout: 1334530869673
ipAddress: 142.167.126.228
lastlocation:
  world: world
  x: 1500.237441962983
  y: 70.0
  z: 177.04658886276889
  yaw: -52.378044
  pitch: 13.343421
