timestamps:
  login: 1338461661262
  lastteleport: 1338462748103
  logout: 1338462749728
ipAddress: 174.74.54.167
lastlocation:
  world: world
  x: -49.48388328908222
  y: 80.0
  z: 425.99352975777913
  yaw: -180.39174
  pitch: 25.764465
