timestamps:
  login: 1338431159576
  logout: 1338431976243
  lastteleport: 1336418140905
ipAddress: 90.198.39.250
lastlocation:
  world: world
  x: -71.23498924555692
  y: 77.5
  z: 395.9671422145354
  yaw: -78.61664
  pitch: 4.073903
