timestamps:
  login: 1340475486170
  lastteleport: 1340475750879
  logout: 1340475763859
ipAddress: 97.93.91.84
lastlocation:
  world: world
  x: -71.25302728141187
  y: 74.0
  z: 452.8947965452235
  yaw: -309.2583
  pitch: 29.430872
