timestamps:
  login: 1336836858286
  logout: 1336836932901
  lastteleport: 1336836569450
ipAddress: 96.48.50.97
lastlocation:
  world: world
  x: 645.9930292653167
  y: 64.0
  z: -1269.300000011921
  yaw: -3.9038315
  pitch: -12.449995
