timestamps:
  login: 1335282548757
  lastteleport: 1335283260193
  logout: 1335283277833
ipAddress: 83.252.155.249
lastlocation:
  world: world
  x: 733.3000000119209
  y: 73.0
  z: -1990.433617182358
  yaw: 268.6738
  pitch: 12.1500025
money: 263.0
