timestamps:
  login: 1336512174561
  lastteleport: 1336512590601
  logout: 1336512692383
ipAddress: 70.181.7.77
lastlocation:
  world: world
  x: 3859.7678830866475
  y: 71.0
  z: 320.4017043081605
  yaw: 195.1432
  pitch: 3.4542942
