timestamps:
  login: 1334079901879
  lastteleport: 1334080460169
  logout: 1334080768400
ipAddress: 174.27.186.92
lastlocation:
  world: world
  x: 394.24609660870817
  y: 64.0
  z: 142.08838854105215
  yaw: -90.32258
  pitch: 17.399734
money: 0.0
