timestamps:
  login: 1335736861853
  lastteleport: 1335737263299
  logout: 1335737456611
ipAddress: 108.18.245.41
lastlocation:
  world: world
  x: 3797.927090249914
  y: 64.0
  z: 1845.5942739814893
  yaw: -17.141052
  pitch: 8.514617
money: 190.0
