timestamps:
  login: 1334480706621
  logout: 1334480837046
  lastteleport: 1334480781357
ipAddress: 81.167.224.30
lastlocation:
  world: world
  x: 3915.336620850765
  y: 62.0
  z: 1899.9367654321245
  yaw: -18.722168
  pitch: 29.519009
