timestamps:
  login: 1338129460875
  lastteleport: 1338129485730
  logout: 1338129538053
ipAddress: 66.237.50.250
lastlocation:
  world: world
  x: 72.31696187269573
  y: 71.0
  z: -507.29834397925305
  yaw: -137.33855
  pitch: 0.4083903
