timestamps:
  login: 1338684757652
  lastteleport: 1338684783995
  logout: 1338684852467
ipAddress: 123.211.140.86
lastlocation:
  world: world
  x: 2277.819346280851
  y: 67.0
  z: 1272.699999988079
  yaw: 41.673836
  pitch: -0.18173003
