timestamps:
  login: 1338102285355
  lastteleport: 1335468777045
  logout: 1338103105761
ipAddress: 76.31.244.106
lastlocation:
  world: world
  x: -343.69999998807907
  y: 40.0
  z: 242.7375173828615
  yaw: -335.50122
  pitch: 61.049995
