timestamps:
  login: 1334407938950
  lastteleport: 1334407948152
  logout: 1334407977786
ipAddress: 67.246.118.44
lastlocation:
  world: world
  x: 403.9247913339322
  y: 68.0
  z: 195.41747991693543
  yaw: -187.81299
  pitch: -2.1069236
