timestamps:
  login: 1335571057596
  lastteleport: 1335569666399
  logout: 1335571123260
ipAddress: 98.250.204.141
lastlocation:
  world: world
  x: 3892.0946942739524
  y: 64.0
  z: 371.41611231986735
  yaw: 120.639885
  pitch: 15.580229
money: 8.0
homes:
  home:
    world: world
    x: 1987.1482902019
    y: 63.0
    z: 658.3000000119209
    yaw: -66.34404
    pitch: 38.079853
ban:
  reason: no adversting
