timestamps:
  login: 1337416913978
  lastteleport: 1337417216346
  logout: 1337417761469
ipAddress: 122.108.36.75
lastlocation:
  world: world
  x: -64.79504600827056
  y: 63.0
  z: 610.3892289565576
  yaw: -218.84946
  pitch: 11.699922
