timestamps:
  login: 1335045862835
  lastteleport: 1335046779775
  logout: 1335046860249
ipAddress: 58.111.90.134
lastlocation:
  world: world
  x: 3275.660494587686
  y: 64.0
  z: 1860.1433476315656
  yaw: -69.57428
  pitch: -0.45501065
money: 125.0
