timestamps:
  login: 1335015020320
  lastteleport: 1335011990716
  logout: 1335015023654
ipAddress: 95.109.104.122
lastlocation:
  world: world
  x: 1830.0559571120546
  y: 63.0
  z: 710.9880380956705
  yaw: -129.56473
  pitch: -76.95002
money: 4.0
