timestamps:
  login: 1334961359144
  lastteleport: 1334961429366
  logout: 1334961443223
ipAddress: 63.224.161.81
lastlocation:
  world: world
  x: 3107.017230998267
  y: 81.16610926093821
  z: 1440.311961410505
  yaw: -7.4140625
  pitch: 33.449974
