timestamps:
  login: 1333924630666
  lastteleport: 1333925132644
  logout: 1333925246874
ipAddress: 75.67.29.52
lastlocation:
  world: world
  x: 377.3551645089857
  y: 90.0
  z: 974.7518979044467
  yaw: -181.07106
  pitch: 26.699974
