timestamps:
  login: 1337238116534
  lastteleport: 1337238189159
  logout: 1337238248060
ipAddress: 96.232.127.80
lastlocation:
  world: world
  x: -46.48410979771849
  y: 75.76636799395752
  z: 420.8311560750493
  yaw: 137.14064
  pitch: 13.251552
