timestamps:
  login: 1335023633993
  lastteleport: 1334692479939
  logout: 1335023638744
ipAddress: 85.230.242.45
lastlocation:
  world: world
  x: 1488.872614785466
  y: 70.0
  z: 194.94450987628153
  yaw: -176.12802
  pitch: -10.206571
money: 629.0
