timestamps:
  login: 1333937625062
  lastteleport: 1333937914568
  logout: 1333938003455
ipAddress: 107.3.161.176
lastlocation:
  world: world
  x: 375.53502851722453
  y: 65.0
  z: 936.8215107145564
  yaw: -178.07146
  pitch: 17.549995
