timestamps:
  login: 1340588487202
  logout: 1340588527585
ipAddress: 173.63.213.202
lastlocation:
  world: world
  x: -31.60641072257131
  y: 74.0
  z: 438.6553149160832
  yaw: -223.35005
  pitch: -6.1499906
