timestamps:
  login: 1335052090818
  logout: 1335052808847
  lastteleport: 1335052705950
ipAddress: 90.212.29.82
lastlocation:
  world: world
  x: 3019.4645012472147
  y: 62.0
  z: 1462.0550278603787
  yaw: -272.464
  pitch: 4.9500084
money: 298.0
