timestamps:
  login: 1334080355414
  lastteleport: 1334080406012
  logout: 1334080438350
ipAddress: 88.88.21.91
lastlocation:
  world: world
  x: 404.1678750201141
  y: 67.0
  z: 120.99252859007562
  yaw: -187.37263
  pitch: 13.22601
