timestamps:
  login: 1335283962839
  lastteleport: 1334596653151
  logout: 1335283977837
ipAddress: 91.176.95.114
lastlocation:
  world: world
  x: 732.5
  y: 129.62000000476837
  z: -1989.5
  yaw: 0.0
  pitch: 0.0
homes:
  home:
    world: world
    x: 1883.699999988079
    y: 66.0
    z: 996.1582280074862
    yaw: -258.8125
    pitch: 29.400024
