timestamps:
  login: 1341042109163
  lastteleport: 1341042023835
  logout: 1341042155177
ipAddress: 76.242.187.17
lastlocation:
  world: world
  x: 1612.337112321223
  y: 63.0
  z: 627.7364759261925
  yaw: 214.2337
  pitch: 29.57701
