timestamps:
  login: 1333991748190
  lastteleport: 1333991823375
  logout: 1333992018087
ipAddress: 201.83.225.19
lastlocation:
  world: world
  x: 404.0294363890115
  y: 67.0
  z: 121.80904666733355
  yaw: -187.82245
  pitch: -8.700275
