timestamps:
  login: 1333997044857
  lastteleport: 1333991913403
  logout: 1333997088544
ipAddress: 71.191.144.89
lastlocation:
  world: world
  x: 403.0644017119979
  y: 68.0
  z: 166.98359793855465
  yaw: -168.47258
  pitch: 24.89973
