timestamps:
  login: 1334178676014
  lastteleport: 1334007316359
  logout: 1334178680633
ipAddress: 122.57.127.9
lastlocation:
  world: world
  x: 402.80325700092305
  y: 67.0
  z: 119.07499998807907
  yaw: -138.38011
  pitch: 23.817614
money: 0.0
