timestamps:
  login: 1333996023620
  lastteleport: 1333996032372
  logout: 1333996055602
ipAddress: 78.73.88.101
lastlocation:
  world: world
  x: 403.3804634085421
  y: 68.0
  z: 196.6275665194099
  yaw: -180.47247
  pitch: 21.749731
