timestamps:
  login: 1340501232862
  logout: 1340501261517
ipAddress: 71.192.56.234
lastlocation:
  world: world
  x: 2258.466433953529
  y: 56.0
  z: 1200.1278203243721
  yaw: -295.36505
  pitch: -30.299982
