timestamps:
  login: 1339988470572
  logout: 1339988478610
ipAddress: 99.182.249.198
lastlocation:
  world: world
  x: -45.055958937032216
  y: 77.0
  z: 427.7255813341176
  yaw: 165.56976
  pitch: 11.150112
