timestamps:
  login: 1335890269296
  lastteleport: 1335890356243
  logout: 1335890531938
ipAddress: 86.181.169.130
lastlocation:
  world: world
  x: 3881.306747056444
  y: 64.0
  z: 356.7430706897551
  yaw: 146.9039
  pitch: 9.54703
