timestamps:
  login: 1341004791356
  logout: 1341005488963
  lastteleport: 1340337887512
ipAddress: 174.126.246.136
lastlocation:
  world: world
  x: -22.30000001192093
  y: 92.0
  z: 461.94196083283884
  yaw: 293.45508
  pitch: 46.794247
