timestamps:
  login: 1336909477779
  logout: 1336909625430
  lastteleport: 1336909621642
ipAddress: 209.40.214.154
lastlocation:
  world: world
  x: 722.271491413386
  y: 64.0
  z: -1142.0177881696848
  yaw: -185.70407
  pitch: 23.400019
