timestamps:
  login: 1336598941825
  logout: 1336599223635
  lastteleport: 1336599046244
ipAddress: 60.224.176.203
lastlocation:
  world: world
  x: 3858.1207699641477
  y: 76.0
  z: 318.62562176390486
  yaw: 81.84548
  pitch: 13.35022
