timestamps:
  login: 1338109688993
  logout: 1338109789940
  lastteleport: 1336994855700
ipAddress: 174.126.140.87
lastlocation:
  world: world
  x: -169.45309393507816
  y: 52.0
  z: 600.9700912971068
  yaw: 114.05201
  pitch: 40.350048
