timestamps:
  login: 1333924743615
  lastteleport: 1333925049547
  logout: 1333925071924
ipAddress: 190.27.165.114
lastlocation:
  world: world
  x: 375.2230674761588
  y: 82.0
  z: 969.2727920304117
  yaw: -162.62108
  pitch: 22.949978
