timestamps:
  login: 1335889016043
  lastteleport: 1335888153610
  logout: 1335889016938
ipAddress: 109.151.77.88
lastlocation:
  world: world
  x: 3859.3195637427534
  y: 71.0
  z: 320.78259826838746
  yaw: -192.5047
  pitch: 57.00022
