timestamps:
  login: 1334377054769
  lastteleport: 1334377891943
  logout: 1334377950594
ipAddress: 64.203.42.49
lastlocation:
  world: world
  x: 402.708815618351
  y: 68.0
  z: 195.71368460003137
  yaw: -180.47247
  pitch: 21.749731
homes:
  home:
    world: world
    x: -48.94647605917438
    y: 64.0
    z: -101.77282808788364
    yaw: -184.11761
    pitch: 16.799982
