timestamps:
  login: 1335595112926
  logout: 1335598001171
  lastteleport: 1335597909812
ipAddress: 83.82.45.218
lastlocation:
  world: world
  x: 3859.3185185030766
  y: 71.0
  z: 320.67249361985614
  yaw: 198.58667
  pitch: 8.246794
