timestamps:
  login: 1338175206048
  logout: 1338175206290
ipAddress: 67.80.111.136
lastlocation:
  world: world
  x: -49.5
  y: 80.0
  z: 428.5
  yaw: -89.49812
  pitch: 23.80025
