timestamps:
  login: 1338099478757
  lastteleport: 1334509091675
  logout: 1338099485304
ipAddress: 207.255.37.104
lastlocation:
  world: world
  x: -49.5
  y: 80.0
  z: 428.5
  yaw: -176.79814
  pitch: 20.050251
