timestamps:
  login: 1338382794581
  lastteleport: 1335602694964
  logout: 1338382866637
ipAddress: 60.51.49.87
lastlocation:
  world: world
  x: -41.88467300114023
  y: 92.5
  z: 423.6971714562998
  yaw: -22.148071
  pitch: 19.750319
money: 80.0
