timestamps:
  login: 1340976213051
  logout: 1340976236415
  lastteleport: 1340938795518
ipAddress: 98.196.196.13
lastlocation:
  world: world
  x: -138.62683017276248
  y: 74.0
  z: 519.725788129223
  yaw: 45.149853
  pitch: 8.849969
