timestamps:
  login: 1335285269614
  lastteleport: 1335285881892
  logout: 1335285897835
ipAddress: 67.162.141.245
lastlocation:
  world: world
  x: 1938.4291258334313
  y: 63.0
  z: 721.0223563907571
  yaw: 88.687126
  pitch: 0.5999845
money: 298.0
