timestamps:
  login: 1336808117034
  lastteleport: 1336810195767
ipAddress: 209.173.76.227
lastlocation:
  world: world
  x: 827.5838428766465
  y: 63.0
  z: -1121.2784112856218
  yaw: 98.51367
  pitch: 18.134438
money: 250.0
