timestamps:
  login: 1340946736615
  logout: 1340946781366
ipAddress: 114.198.89.49
lastlocation:
  world: world
  x: 2291.316351007277
  y: 64.0
  z: 1290.699999988079
  yaw: -50.587223
  pitch: 21.222614
