timestamps:
  login: 1335010805267
  logout: 1335010813654
  lastteleport: 1334701719863
ipAddress: 71.63.164.20
lastlocation:
  world: world
  x: 1487.998755452649
  y: 70.0
  z: 193.29794622965636
  yaw: 61.922665
  pitch: 23.100006
