timestamps:
  login: 1334004739116
  lastteleport: 1334004815519
  logout: 1334004880793
ipAddress: 121.73.102.181
lastlocation:
  world: world
  x: 402.73842441108206
  y: 68.0
  z: 167.0636447832832
  yaw: -154.97217
  pitch: 33.749725
