timestamps:
  login: 1335210717818
  lastteleport: 1335212412650
  logout: 1335212811134
ipAddress: 24.204.246.224
lastlocation:
  world: world
  x: 3798.71052610993
  y: 67.0
  z: 1940.3610377622
  yaw: 10.465914
  pitch: 26.357145
money: 299.0
