timestamps:
  login: 1335242010226
  lastteleport: 1335242013490
  logout: 1335242036032
ipAddress: 24.250.160.231
lastlocation:
  world: world
  x: 733.5
  y: 73.0
  z: -1990.5
  yaw: 268.6738
  pitch: 12.1500025
money: 0.0
homes:
  home:
    world: world
    x: 3507.9458665145803
    y: 63.0
    z: 2237.7202155061013
    yaw: 88.87581
    pitch: 11.020553
