timestamps:
  login: 1338655199288
  lastteleport: 1338655597517
  logout: 1338655654142
ipAddress: 58.166.96.11
lastlocation:
  world: world
  x: -91.1417274668992
  y: 16.998930425002673
  z: 433.0563361105344
  yaw: 128.84991
  pitch: 57.300014
