timestamps:
  login: 1335456012061
  lastteleport: 1335456360561
  logout: 1335456447703
ipAddress: 90.184.60.60
lastlocation:
  world: world
  x: 706.444191965467
  y: 41.0
  z: -2092.982784609911
  yaw: -229.47646
  pitch: 6.7500086
