timestamps:
  login: 1336513373400
  lastteleport: 1336514166892
  logout: 1336514322433
ipAddress: 68.112.196.158
lastlocation:
  world: world
  x: 3891.508474926667
  y: 64.0
  z: 370.32513056988256
  yaw: 131.48137
  pitch: 19.66187
money: 27.0
ban:
  reason: Being a fucking retard
