timestamps:
  login: 1338112035583
  logout: 1338112047570
ipAddress: 71.205.40.18
lastlocation:
  world: world
  x: -130.06702981498944
  y: 14.825437261778644
  z: 367.95941148213
  yaw: 129.35191
  pitch: 17.25
