timestamps:
  login: 1335050846011
  lastteleport: 1335050836556
  logout: 1335050873740
ipAddress: 108.173.48.4
lastlocation:
  world: world
  x: 3334.699999988079
  y: 64.82711731432457
  z: 1926.699999988079
  yaw: -47.779053
  pitch: 19.649992
