timestamps:
  login: 1335211883550
  lastteleport: 1335212594398
  logout: 1335213036134
ipAddress: 98.223.227.176
lastlocation:
  world: world
  x: 733.3000000119209
  y: 73.0
  z: -1990.433617182358
  yaw: 268.6738
  pitch: 13.350002
money: 299.0
