timestamps:
  login: 1334057642180
  lastteleport: 1333990799609
  logout: 1334057664052
ipAddress: 213.157.225.240
lastlocation:
  world: world
  x: 405.28528159380727
  y: 67.0
  z: 114.49452823896334
  yaw: 228.2769
  pitch: 4.3499727
