timestamps:
  login: 1335212645674
  lastteleport: 1335212588355
  logout: 1335212686088
ipAddress: 76.122.162.189
lastlocation:
  world: world
  x: 792.935896026674
  y: 67.0
  z: -1996.866897036216
  yaw: 268.87097
  pitch: 11.7557
