timestamps:
  login: 1333930009538
  logout: 1333930018343
  lastteleport: 1333928516943
ipAddress: 71.49.128.7
lastlocation:
  world: world
  x: 381.1155704111659
  y: 62.0
  z: 927.6999999880791
  yaw: -24.123901
  pitch: 11.80253
