timestamps:
  login: 1333982875490
  lastteleport: 1333983500246
  logout: 1333983678433
ipAddress: 173.63.126.66
lastlocation:
  world: world
  x: 238.89300635356716
  y: 77.0
  z: 999.4875000119209
  yaw: -22.201887
  pitch: 8.228551
