timestamps:
  login: 1340568319566
  lastteleport: 1340568487366
  logout: 1340568550145
ipAddress: 109.189.234.42
lastlocation:
  world: world
  x: -64.73468596203693
  y: 74.0
  z: 448.2658476970368
  yaw: 3.9882545
  pitch: 6.9290776
