timestamps:
  login: 1334411612930
  lastteleport: 1334414182259
  logout: 1334414465076
ipAddress: 124.176.36.207
lastlocation:
  world: world
  x: 1811.4195031895504
  y: 72.0
  z: 648.4443132408302
  yaw: 102.23663
  pitch: 12.505209
money: 0.0
