timestamps:
  login: 1333923064920
  lastteleport: 1333923292212
  logout: 1333923525585
ipAddress: 23.17.62.131
lastlocation:
  world: world
  x: 375.17086042357704
  y: 65.0
  z: 938.3650358449296
  yaw: 217.77898
  pitch: 16.499979
