timestamps:
  login: 1340576378450
  logout: 1340576415194
ipAddress: 194.144.96.92
lastlocation:
  world: world
  x: -34.26757990182486
  y: 74.5
  z: 457.88639205348426
  yaw: -121.64998
  pitch: 24.750004
