timestamps:
  login: 1334665762806
  lastteleport: 1334666238470
  logout: 1334666341313
ipAddress: 24.61.6.122
lastlocation:
  world: world
  x: 2541.3117306056256
  y: 77.0
  z: -776.0235399964499
  yaw: -291.90356
  pitch: 36.641087
