timestamps:
  login: 1333925692325
  lastteleport: 1333925858041
  logout: 1333925900540
ipAddress: 97.92.90.3
lastlocation:
  world: world
  x: 366.07335422631417
  y: 65.0
  z: 943.8777549910778
  yaw: 81.879364
  pitch: 18.599974
