timestamps:
  login: 1338132323118
  lastteleport: 1338130672270
  logout: 1338134418003
ipAddress: 124.197.1.67
lastlocation:
  world: world
  x: -112.43917583950252
  y: 13.0
  z: 331.2616931662338
  yaw: 312.20285
  pitch: 10.149971
homes:
  home:
    world: world
    x: 1553.3763761562677
    y: 69.0
    z: -52.69999998807907
    yaw: 45.28418
    pitch: 24.600054
money: 0.0
