timestamps:
  login: 1340036810730
  logout: 1340037006466
ipAddress: 174.49.58.215
lastlocation:
  world: world
  x: 18.792184608776147
  y: 16.0
  z: 271.7341998831232
  yaw: -245.84888
  pitch: -27.30001
