timestamps:
  login: 1340249474058
  logout: 1340249607275
  mute: 0
ipAddress: 75.121.106.237
lastlocation:
  world: world
  x: 2236.9343203463063
  y: 68.0
  z: 1298.988793134148
  yaw: 82.49092
  pitch: 15.435683
muted: true
