timestamps:
  login: 1334375785774
  lastteleport: 1334375807834
  logout: 1334375806713
ipAddress: 173.56.70.131
lastlocation:
  world: world
  x: 403.122449433469
  y: 68.0
  z: 165.18586817154375
  yaw: -185.12248
  pitch: 10.499731
