timestamps:
  login: 1340020394563
  logout: 1340020528515
ipAddress: 31.52.122.191
lastlocation:
  world: world
  x: -239.3800309748661
  y: 63.0
  z: 614.3325562926617
  yaw: -313.64993
  pitch: 18.449972
