timestamps:
  login: 1339865254468
  logout: 1339865530870
  lastteleport: 1339865513851
ipAddress: 75.5.174.170
lastlocation:
  world: world
  x: 1140.699999988079
  y: 72.01018054596364
  z: 481.32634567579356
  yaw: -100.47416
  pitch: 40.383457
