timestamps:
  login: 1335493924276
  lastteleport: 1335493993524
  logout: 1335494019018
ipAddress: 99.149.197.247
lastlocation:
  world: world
  x: 690.1345807499503
  y: 63.07643747183759
  z: -1849.699999988079
  yaw: 8.291786
  pitch: 11.36021
