timestamps:
  login: 1336433337006
  lastteleport: 1336433892809
  logout: 1336433966300
ipAddress: 68.41.31.12
lastlocation:
  world: world
  x: 3923.300000011921
  y: 76.0
  z: 344.30000001192093
  yaw: 100.14514
  pitch: 29.249998
