timestamps:
  login: 1338054589923
  lastteleport: 1338054741573
  logout: 1338054886655
ipAddress: 90.194.229.238
lastlocation:
  world: world
  x: 2875.3862595408414
  y: 71.0
  z: 3021.1338651434867
  yaw: -278.60278
  pitch: 3.1320379
