timestamps:
  login: 1336334313998
  lastteleport: 1336334478855
  logout: 1336334610151
ipAddress: 69.137.137.226
lastlocation:
  world: world
  x: 3860.9550665831985
  y: 71.0
  z: 320.6987448727788
  yaw: 163.87325
  pitch: 4.739659
money: 50.0
