timestamps:
  login: 1334190630609
  lastteleport: 1334191915679
  logout: 1334193181207
ipAddress: 74.76.117.62
lastlocation:
  world: world
  x: 404.7455344411225
  y: 68.0
  z: 167.88108556831875
  yaw: -206.89171
  pitch: 18.677727
money: 290.0
