timestamps:
  login: 1334530538128
  lastteleport: 1334530566123
  logout: 1334530642209
ipAddress: 71.170.129.169
lastlocation:
  world: world
  x: 1488.6005531030535
  y: 70.0
  z: 192.32312086670333
  yaw: -182.88637
  pitch: 6.9966288
