timestamps:
  login: 1334093066747
  lastteleport: 1334093136961
  logout: 1334093141130
ipAddress: 99.135.158.71
lastlocation:
  world: world
  x: 403.66728472832534
  y: 67.0
  z: 125.72162885348348
  yaw: -181.3271
  pitch: 3.9075727
