timestamps:
  login: 1335407733992
  logout: 1335407844955
  lastteleport: 1335407782015
ipAddress: 108.70.138.224
lastlocation:
  world: world
  x: 763.1559965043252
  y: 67.0
  z: -2016.4563340536026
  yaw: 88.37378
  pitch: 4.4999924
