timestamps:
  login: 1336686869884
  logout: 1336686987810
  lastteleport: 1336686927110
ipAddress: 24.31.147.101
lastlocation:
  world: world
  x: 3860.2781174031343
  y: 71.0
  z: 320.7755768259251
  yaw: 181.2955
  pitch: 6.4502077
