timestamps:
  login: 1338545926984
  lastteleport: 1335733260180
  logout: 1338290623429
ipAddress: 96.50.218.180
lastlocation:
  world: world
  x: -49.181835445042594
  y: 80.0
  z: 428.8539593068008
  yaw: -149.88043
  pitch: 80.823044
