timestamps:
  login: 1336523353168
  logout: 1336523528132
  lastteleport: 1336523438640
ipAddress: 75.164.219.54
lastlocation:
  world: world
  x: 3866.699999988079
  y: 74.0
  z: 317.8015782661412
  yaw: 229.29501
  pitch: 12.000209
