timestamps:
  login: 1336507222053
  lastteleport: 1336507473643
  logout: 1336507567383
ipAddress: 173.21.6.51
lastlocation:
  world: world
  x: 3939.5851076777485
  y: 87.0
  z: 279.6620657427245
  yaw: 97.14557
  pitch: 9.600217
