timestamps:
  login: 1335557160238
  lastteleport: 1335557664954
  logout: 1335557848593
ipAddress: 86.130.214.225
lastlocation:
  world: world
  x: 733.6999999880791
  y: 26.0
  z: -1862.699999988079
  yaw: -354.8758
  pitch: 14.249993
