timestamps:
  login: 1338138032226
  logout: 1338138075836
  lastteleport: 1337989666564
ipAddress: 94.224.163.80
lastlocation:
  world: world
  x: -57.094062181440314
  y: 77.0
  z: 433.80543236392197
  yaw: -250.34644
  pitch: -40.206066
