timestamps:
  login: 1333988184037
  logout: 1333988382688
  lastteleport: 1333988248250
ipAddress: 85.202.22.225
lastlocation:
  world: world
  x: 398.4563729223438
  y: 63.0
  z: 134.3475320342219
  yaw: -53.872368
  pitch: 17.250023
