timestamps:
  login: 1336241860565
  logout: 1336241929128
  lastteleport: 1336177081853
ipAddress: 24.154.37.247
lastlocation:
  world: world
  x: 3856.4113055252983
  y: 64.0
  z: 346.38854428840483
  yaw: 94.35682
  pitch: -1.8527356
