timestamps:
  login: 1336576533138
  lastteleport: 1335205260494
  logout: 1336576537753
ipAddress: 188.222.245.176
lastlocation:
  world: world
  x: 862.1065402782347
  y: 66.0
  z: -2236.9230433501657
  yaw: -134.0763
  pitch: 23.85001
money: 297.0
