timestamps:
  login: 1334283191972
  logout: 1334283335488
  lastteleport: 1334283326205
ipAddress: 68.147.152.75
lastlocation:
  world: world
  x: 218.9813853047552
  y: 74.0
  z: 447.71978947345394
  yaw: 43.210373
  pitch: -0.22022772
money: 200.0
ban:
  reason: Temporarily banned from server for  1 day 3 hours 46 minutes 40 seconds
  timeout: 1334383340050
