timestamps:
  login: 1336949509442
  logout: 1336949556196
  lastteleport: 1336949519244
ipAddress: 92.30.173.214
lastlocation:
  world: world
  x: 3802.3529042731757
  y: 72.0
  z: 267.06907715973347
  yaw: 227.94525
  pitch: 17.550024
