timestamps:
  login: 1333942512755
  lastteleport: 1333943205904
  logout: 1333943254783
ipAddress: 68.57.109.243
lastlocation:
  world: world
  x: 375.60483344635446
  y: 89.5
  z: 983.3226263064737
  yaw: -178.07104
  pitch: 10.349975
