timestamps:
  login: 1340674759924
  logout: 1340674862832
ipAddress: 173.79.209.7
lastlocation:
  world: world
  x: -95.7932775323071
  y: 92.0
  z: 395.86347955197954
  yaw: -259.65
  pitch: 48.3
