timestamps:
  login: 1335048594904
  lastteleport: 1335048829694
  logout: 1335048975755
ipAddress: 96.60.120.107
lastlocation:
  world: world
  x: 3107.4824842484627
  y: 80.0
  z: 1417.4657208220508
  yaw: -350.91418
  pitch: 8.999985
money: 299.0
