timestamps:
  login: 1340896646260
  lastteleport: 1340895981551
  logout: 1340896164074
ipAddress: 82.27.43.66
lastlocation:
  world: world_nether
  x: 225.63696357256475
  y: 47.0
  z: 164.23297621146278
  yaw: 167.45535
  pitch: 11.02963
