timestamps:
  login: 1338509525643
  lastteleport: 1338508057743
  logout: 1338509679360
ipAddress: 68.58.133.158
lastlocation:
  world: world
  x: -228.42846028531594
  y: 68.0
  z: 2119.699999988079
  yaw: -269.47443
  pitch: 48.391953
ban:
  reason: advertising
