timestamps:
  login: 1340675995913
  logout: 1340675999654
ipAddress: 74.96.33.180
lastlocation:
  world: world
  x: 8.225175336715706
  y: 74.0
  z: 440.13933131277656
  yaw: -12.083729
  pitch: 20.519772
