timestamps:
  login: 1336695134205
  lastteleport: 1335722319932
  mute: 0
  logout: 1336695152518
ipAddress: 71.2.181.225
lastlocation:
  world: world
  x: 3888.9368417045002
  y: 78.0
  z: 310.89946784889173
  yaw: 292.64432
  pitch: 6.0294833
nickname: Caleb_Chu
muted: false
