timestamps:
  login: 1339526640427
  logout: 1339527111029
ipAddress: 90.195.195.8
lastlocation:
  world: world
  x: -112.24249616110694
  y: 80.0
  z: 388.30000001192093
  yaw: -55.65042
  pitch: 24.449974
