timestamps:
  login: 1334520519220
  lastteleport: 1334511722813
  logout: 1334520543304
ipAddress: 24.224.215.20
lastlocation:
  world: world
  x: 1501.7216127555885
  y: 70.0
  z: 179.3583317109928
  yaw: -148.67807
  pitch: 6.743438
