timestamps:
  login: 1333928319248
  logout: 1333928505133
  lastteleport: 1333928283404
ipAddress: 99.110.188.46
lastlocation:
  world: world
  x: 375.3379517732362
  y: 90.0
  z: 984.1069010113129
  yaw: -260.72098
  pitch: 48.149975
