timestamps:
  login: 1335115208004
  lastteleport: 1335115211552
  logout: 1335115786953
ipAddress: 99.33.25.124
lastlocation:
  world: world
  x: 3178.215057355491
  y: 63.0
  z: 459.4433410176193
  yaw: 188.05946
  pitch: -1.6840497
money: 297.0
