timestamps:
  login: 1338585901226
  logout: 1338586172628
ipAddress: 76.188.33.218
lastlocation:
  world: world
  x: 227.67541738065773
  y: 60.0
  z: 537.3000000119209
  yaw: -177.78607
  pitch: 61.033184
