timestamps:
  login: 1338832601100
  logout: 1338832679922
ipAddress: 173.73.141.65
lastlocation:
  world: world
  x: -52.098193244152455
  y: 74.0
  z: 412.3930452460641
  yaw: 191.99945
  pitch: 2.7000177
