timestamps:
  login: 1334361579274
  lastteleport: 1334361675480
  logout: 1334362165808
ipAddress: 24.7.123.3
lastlocation:
  world: world
  x: 384.6042047588114
  y: 64.0
  z: 148.9233412602267
  yaw: -88.3819
  pitch: 8.735701
