timestamps:
  login: 1335295132291
  lastteleport: 1335295186921
  logout: 1335295199660
ipAddress: 96.233.106.102
lastlocation:
  world: world
  x: 763.9006693336313
  y: 67.5
  z: -1989.997163653247
  yaw: 268.67377
  pitch: 26.716803
