timestamps:
  login: 1339899127105
  lastteleport: 1339896803576
  logout: 1339899130075
ipAddress: 99.29.117.127
lastlocation:
  world: world
  x: -66.18798736984252
  y: 74.0
  z: 447.9061016854742
  yaw: 35.07753
  pitch: 6.8063083
