timestamps:
  login: 1338136085296
  logout: 1338136102460
  lastteleport: 1337748809640
ipAddress: 2.126.23.185
lastlocation:
  world: world
  x: -49.181835445042594
  y: 80.0
  z: 428.8539593068008
  yaw: -180.38156
  pitch: 8.591349
money: 299.0
