timestamps:
  login: 1340505557983
  logout: 1340505589443
ipAddress: 98.228.119.70
lastlocation:
  world: world
  x: -124.69999998807907
  y: 10.0
  z: 348.30000001192093
  yaw: -232.9501
  pitch: -50.699966
