timestamps:
  login: 1336434346053
  lastteleport: 1335988631962
  logout: 1336434416300
ipAddress: 24.141.78.228
lastlocation:
  world: world
  x: 3827.4140123654493
  y: 66.0
  z: 393.6746775196884
  yaw: 57.398155
  pitch: 14.264618
