timestamps:
  login: 1335213218607
  lastteleport: 1335213700348
  logout: 1335213741088
ipAddress: 174.55.133.175
lastlocation:
  world: world
  x: 765.8556828995729
  y: 67.0
  z: -2016.8258881071822
  yaw: 118.23474
  pitch: 36.660717
