timestamps:
  login: 1338399243018
  lastteleport: 1337314965088
  logout: 1338399254864
ipAddress: 99.251.222.103
lastlocation:
  world: world
  x: -57.47204414711286
  y: 77.5
  z: 429.64573424642117
  yaw: -353.04828
  pitch: 13.000233
money: 44.0
