timestamps:
  login: 1335649430888
  lastteleport: 1335648908835
  logout: 1335649466475
  mute: 0
ipAddress: 174.93.144.54
lastlocation:
  world: world
  x: 4113.395410087798
  y: 55.0
  z: 360.21999229065574
  yaw: -90.8105
  pitch: 21.820799
money: 70.0
muted: true
