timestamps:
  login: 1335648397103
  logout: 1335648601061
  lastteleport: 1335648552859
ipAddress: 71.166.32.228
lastlocation:
  world: world
  x: 2194.2382351974375
  y: 63.0
  z: 60.800396789067
  yaw: -80.84396
  pitch: 3.899993
money: 42.0
