timestamps:
  login: 1340596966499
  logout: 1340596990482
ipAddress: 24.18.19.167
lastlocation:
  world: world
  x: -74.3539166681469
  y: 74.0
  z: 447.84273439475277
  yaw: 82.64997
  pitch: 4.500007
