timestamps:
  login: 1336340914129
  lastteleport: 1336193671453
  logout: 1336341620445
ipAddress: 69.243.229.74
lastlocation:
  world: world
  x: 3877.3646837389065
  y: 64.0
  z: 347.48121959138433
  yaw: 171.24841
  pitch: -3.74979
