timestamps:
  login: 1336003340639
  logout: 1336004375824
  lastteleport: 1335577869619
  mute: 1336005547795
ipAddress: 24.177.161.135
lastlocation:
  world: world
  x: 3861.2018613353594
  y: 71.0
  z: 319.60731992617985
  yaw: -86.49819
  pitch: -9.066408
muted: true
