timestamps:
  login: 1335464478627
  logout: 1335464833636
  lastteleport: 1335464638544
  mute: 1426747938693
ipAddress: 65.31.212.113
lastlocation:
  world: world
  x: 514.2269566572681
  y: 71.0
  z: -2275.9265120224454
  yaw: 19.223528
  pitch: 37.650005
muted: true
