timestamps:
  login: 1338332474812
  logout: 1338332557190
ipAddress: 97.88.184.131
lastlocation:
  world: world
  x: -22.665279027937068
  y: 77.0
  z: 376.7068083729511
  yaw: -15.248218
  pitch: 29.200256
