timestamps:
  login: 1338269263233
  lastteleport: 1335698467812
  logout: 1338269267030
ipAddress: 174.111.8.8
lastlocation:
  world: world
  x: -41.46917103578083
  y: 77.0
  z: 434.7230147227876
  yaw: -227.2501
  pitch: 11.09996
