timestamps:
  login: 1335510708207
  logout: 1335510743242
  lastteleport: 1335287780739
ipAddress: 92.234.150.41
lastlocation:
  world: world
  x: 764.9066436619247
  y: 67.0
  z: -2016.5141752242805
  yaw: -208.32596
  pitch: 26.549992
