timestamps:
  login: 1334001606174
  lastteleport: 1334001977045
  logout: 1334002223623
ipAddress: 80.235.134.181
lastlocation:
  world: world
  x: 403.903279770799
  y: 68.0
  z: 174.7817017785453
  yaw: -180.47247
  pitch: 21.749731
