timestamps:
  login: 1338347708756
  logout: 1338347713089
ipAddress: 174.63.134.200
lastlocation:
  world: world
  x: 363.2376512355075
  y: 72.0
  z: 44.65113481595647
  yaw: 93.34677
  pitch: 20.849873
