timestamps:
  login: 1333991290757
  lastteleport: 1333991174304
  logout: 1333991269736
ipAddress: 74.96.174.199
lastlocation:
  world: world
  x: 410.2516513043428
  y: 65.0
  z: 1013.1123716267327
  yaw: -301.22034
  pitch: 24.59992
