timestamps:
  login: 1334524561863
  lastteleport: 1334524751091
  logout: 1334524857627
ipAddress: 78.29.155.176
lastlocation:
  world: world
  x: 1488.372887317985
  y: 70.0
  z: 194.28678800402204
  yaw: -160.08954
  pitch: 14.468053
