timestamps:
  login: 1334098105146
  lastteleport: 1334098907242
  logout: 1334098953295
ipAddress: 71.186.204.84
lastlocation:
  world: world
  x: 305.69999998807907
  y: 45.0
  z: 803.5635791980511
  yaw: -94.11077
  pitch: -30.824148
homes:
  home:
    world: world
    x: 322.19513172162453
    y: 64.0
    z: 797.5271254973509
    yaw: 83.2367
    pitch: 25.004936
