timestamps:
  login: 1338354755298
  lastteleport: 1336276307935
  logout: 1338354909732
ipAddress: 207.219.69.145
lastlocation:
  world: world
  x: 1.4639963445209738
  y: 77.0
  z: 416.69999998807907
  yaw: 53.602634
  pitch: 37.35001
