timestamps:
  login: 1335211847062
  lastteleport: 1335211938459
  logout: 1335211936087
ipAddress: 82.19.174.202
lastlocation:
  world: world
  x: 2509.887264832338
  y: 64.0
  z: 1410.736492133264
  yaw: 126.73979
  pitch: 24.600012
money: 40.0
