timestamps:
  login: 1340694764836
  logout: 1340694844655
ipAddress: 202.159.142.220
lastlocation:
  world: world
  x: -47.40815098102341
  y: 77.0
  z: 428.25972259514924
  yaw: 25.640163
  pitch: 12.728322
