timestamps:
  login: 1333926607689
  lastteleport: 1333926571496
  logout: 1333926669879
ipAddress: 75.138.239.41
lastlocation:
  world: world
  x: 367.97585354858955
  y: 65.0
  z: 943.0953572390681
  yaw: 84.42883
  pitch: -0.45001268
