timestamps:
  login: 1338684407959
  logout: 1338685189007
ipAddress: 71.227.1.174
lastlocation:
  world: world
  x: 2275.4775964537343
  y: 56.69757213694886
  z: 1191.2924868138336
  yaw: -148.20407
  pitch: 18.683807
