timestamps:
  login: 1340676942200
  logout: 1340677149606
  lastteleport: 1340677059175
ipAddress: 67.171.186.216
lastlocation:
  world: world
  x: -80.6519231034331
  y: 91.5
  z: 372.6695260974673
  yaw: 85.049934
  pitch: 26.25002
