timestamps:
  login: 1340684867932
  logout: 1340684919655
ipAddress: 50.132.42.78
lastlocation:
  world: world
  x: -57.17117440361695
  y: 74.0
  z: 440.273594847662
  yaw: -16.18482
  pitch: 0.14174862
