timestamps:
  login: 1339265970307
  logout: 1339266003181
ipAddress: 86.178.142.15
lastlocation:
  world: world
  x: -45.38749653060363
  y: 74.0
  z: 438.5050707017815
  yaw: 1.381297
  pitch: 10.165214
