timestamps:
  login: 1340065877490
  logout: 1340066009635
ipAddress: 24.129.103.189
lastlocation:
  world: world
  x: -17.44966317443667
  y: 63.0
  z: 244.41929173875695
  yaw: 10.650055
  pitch: -45.449986
