timestamps:
  login: 1336277886856
  lastteleport: 1336278777335
  logout: 1336278916074
ipAddress: 101.161.63.117
lastlocation:
  world: world
  x: 3859.1493732261833
  y: 71.0
  z: 321.0046364736901
  yaw: 246.09541
  pitch: 12.30022
