timestamps:
  login: 1335913481251
  logout: 1335913551077
  lastteleport: 1335485198636
ipAddress: 76.19.128.237
lastlocation:
  world: world
  x: 793.5873761156485
  y: 67.0
  z: -1996.0269751253543
  yaw: -86.078
  pitch: 0.29997975
money: 0.0
