timestamps:
  login: 1335393329207
  logout: 1335393511399
  lastteleport: 1335212090749
ipAddress: 99.247.87.148
lastlocation:
  world: world
  x: 765.563930146143
  y: 67.0
  z: -2016.6475341271077
  yaw: 127.823875
  pitch: 26.699999
money: 299.0
