timestamps:
  login: 1335751119154
  logout: 1335752718588
  lastteleport: 1335751965445
ipAddress: 86.174.131.186
lastlocation:
  world: world
  x: 3487.8639769459924
  y: 63.0
  z: 1856.9786241414008
  yaw: 36.10972
  pitch: -14.701429
money: 280.0
