timestamps:
  login: 1336324023080
  lastteleport: 1336323273076
  logout: 1336324032366
ipAddress: 75.185.41.107
lastlocation:
  world: world
  x: 3862.9425747592572
  y: 72.0
  z: 319.6979079085785
  yaw: 275.04523
  pitch: 3.0002115
