timestamps:
  login: 1334097592719
  lastteleport: 1333927902717
  logout: 1334097636129
ipAddress: 97.90.236.22
lastlocation:
  world: world
  x: 376.2393536527319
  y: 65.0
  z: 932.9064880467622
  yaw: -177.80487
  pitch: 26.61065
