timestamps:
  login: 1333939752480
  logout: 1333939891654
  lastteleport: 1333938721492
ipAddress: 68.150.155.50
lastlocation:
  world: world
  x: 379.40524850988703
  y: 89.5
  z: 980.1150966793828
  yaw: -201.40659
  pitch: 35.48054
