timestamps:
  login: 1339783252187
  logout: 1339783262074
ipAddress: 65.170.220.49
lastlocation:
  world: world
  x: 13.883776636828358
  y: 74.0
  z: 485.7514250776407
  yaw: -201.50494
  pitch: 9.567995
