timestamps:
  login: 1333989890888
  logout: 1333990771401
  lastteleport: 1333990128166
ipAddress: 81.83.201.219
lastlocation:
  world: world
  x: 403.37999329596977
  y: 68.0
  z: 194.0473614019434
  yaw: -184.82248
  pitch: 8.249732
