timestamps:
  login: 1334264009338
  lastteleport: 1334007675238
  logout: 1334264020420
ipAddress: 67.197.117.138
lastlocation:
  world: world
  x: 401.9777359101285
  y: 68.0
  z: 184.2046819073227
  yaw: -176.47495
  pitch: 5.2597704
money: 50.0
