timestamps:
  login: 1338437773481
  logout: 1338437846256
ipAddress: 173.237.99.63
lastlocation:
  world: world
  x: 102.7558952185626
  y: 49.0
  z: 323.65394521901914
  yaw: 67.340645
  pitch: -10.147214
