timestamps:
  login: 1336003732998
  lastteleport: 1336003897766
  logout: 1336003929738
ipAddress: 74.198.87.107
lastlocation:
  world: world
  x: 3881.1177269928603
  y: 64.0
  z: 356.68019448629
  yaw: -211.85457
  pitch: 20.250216
