timestamps:
  login: 1336925791700
  logout: 1336925861227
  lastteleport: 1336925140550
ipAddress: 24.94.84.175
lastlocation:
  world: world
  x: 891.1198368875185
  y: 63.0
  z: -1057.759765046016
  yaw: 59.846657
  pitch: 4.3499856
