timestamps:
  login: 1335051813700
  lastteleport: 1335052474854
  logout: 1335052558728
ipAddress: 124.180.76.2
lastlocation:
  world: world
  x: 3521.575862080538
  y: 106.0
  z: 1845.300000011921
  yaw: -113.47714
  pitch: 25.186556
