timestamps:
  login: 1334941462840
  lastteleport: 1334941687978
  logout: 1334941811370
ipAddress: 205.211.96.100
lastlocation:
  world: world
  x: 3055.743408511885
  y: 62.0
  z: 1463.3336269431325
  yaw: -270.21344
  pitch: 9.449979
money: 279.0
