timestamps:
  login: 1336906878452
  logout: 1336906911650
  lastteleport: 1336792231614
ipAddress: 75.216.160.116
lastlocation:
  world: world
  x: 732.3156233714518
  y: 70.0
  z: -1989.6788158430575
  yaw: 76.973755
  pitch: 3.3000033
