timestamps:
  login: 1338608033238
  logout: 1338608058493
  lastteleport: 1338547124696
ipAddress: 173.75.44.139
lastlocation:
  world: world
  x: 1439.6483161589267
  y: 98.0
  z: -25.01808705464292
  yaw: 11.641641
  pitch: -44.28179
