timestamps:
  login: 1337840320083
  lastteleport: 1337840456897
  logout: 1337840455812
ipAddress: 65.96.153.71
lastlocation:
  world: world
  x: -71.54350239917446
  y: 99.0
  z: 426.63329104361793
  yaw: -43.59781
  pitch: 16.750292
