timestamps:
  login: 1334703710014
  lastteleport: 1334704179920
  logout: 1334704233717
ipAddress: 71.185.65.7
lastlocation:
  world: world
  x: 3426.208408457775
  y: 68.0
  z: 1848.5353381368302
  yaw: 92.85742
  pitch: 48.587383
