timestamps:
  login: 1335392987390
  lastteleport: 1335393129244
  logout: 1335393294926
ipAddress: 70.177.183.61
lastlocation:
  world: world
  x: 765.9652985428847
  y: 67.0
  z: -2014.9322495465824
  yaw: 177.47379
  pitch: 20.249987
