timestamps:
  login: 1336323485973
  lastteleport: 1336322989522
  logout: 1336323486505
ipAddress: 75.164.153.74
lastlocation:
  world: world
  x: 3859.455510590865
  y: 71.0
  z: 320.052740892036
  yaw: 140.76917
  pitch: 6.626577
