timestamps:
  login: 1334277231185
  lastteleport: 1334277388562
  logout: 1334277448601
ipAddress: 108.16.41.189
lastlocation:
  world: world
  x: 404.5
  y: 67.0
  z: 110.5
  yaw: 183.72624
  pitch: 23.549976
money: 0.0
