timestamps:
  login: 1340746969737
  logout: 1340747649262
  lastteleport: 1340679865790
ipAddress: 82.25.165.50
lastlocation:
  world: world
  x: 3695.941105239723
  y: 71.0
  z: -1062.300000011921
  yaw: -64.935455
  pitch: 19.033972
