timestamps:
  login: 1338430081104
  lastteleport: 1335991634090
  logout: 1338430456193
ipAddress: 24.173.53.254
lastlocation:
  world: world
  x: -387.30000001192093
  y: 59.0
  z: 437.44946694228156
  yaw: 8.33619
  pitch: 55.8008
