timestamps:
  login: 1334427725741
  lastteleport: 1334108896550
  logout: 1334427763851
ipAddress: 67.188.80.242
lastlocation:
  world: world
  x: 216.5
  y: 76.62000000476837
  z: 247.5
  yaw: 0.0
  pitch: 0.0
homes:
  home:
    world: world
    x: 1398.6784017578877
    y: 53.0
    z: -386.3252870332986
    yaw: 220.67029
    pitch: 25.48801
