timestamps:
  login: 1335909978204
  logout: 1335910040993
  lastteleport: 1335909952753
ipAddress: 71.37.86.211
lastlocation:
  world: world
  x: 2530.435578665237
  y: 80.0
  z: 1425.7372719165849
  yaw: 197.0897
  pitch: 13.949999
money: 298.0
