timestamps:
  login: 1338349544888
  lastteleport: 1338287336226
  logout: 1338349663089
ipAddress: 99.178.116.102
lastlocation:
  world: world
  x: -59.37108148079015
  y: 77.0
  z: 441.1907600737932
  yaw: -140.14998
  pitch: 0.74999774
