timestamps:
  login: 1334057859542
  lastteleport: 1333986191442
  logout: 1334057919052
ipAddress: 123.211.211.88
lastlocation:
  world: world
  x: 304.69999998807907
  y: 11.0
  z: 706.4238737478404
  yaw: 186.99329
  pitch: 5.0260277
