timestamps:
  login: 1337208089896
  lastteleport: 1337208154963
  logout: 1337208204344
ipAddress: 68.149.13.94
lastlocation:
  world: world
  x: 3.4470178843079027
  y: 74.0
  z: 477.81790788844927
  yaw: -30.590626
  pitch: 0.34914875
money: 245.0
