timestamps:
  login: 1334511523542
  lastteleport: 1334511793496
  logout: 1334511805480
ipAddress: 67.175.60.18
lastlocation:
  world: world
  x: 2099.4040175749574
  y: 70.0
  z: 1334.9810090693434
  yaw: 357.65714
  pitch: 12.023297
