timestamps:
  login: 1337474577240
  lastteleport: 1337474727662
  logout: 1337474801403
  jail: 0
ipAddress: 173.30.215.58
lastlocation:
  world: world
  x: 1169.8053476135003
  y: 42.0
  z: -2175.837162060957
  yaw: 241.07478
  pitch: 18.899988
homes:
  home:
    world: world
    x: 1167.497368514168
    y: 16.0
    z: -2197.182308033729
    yaw: 211.07475
    pitch: -22.950022
money: 508.0
jailed: false
