timestamps:
  login: 1335382049957
  logout: 1335382060997
  lastteleport: 1335381727856
ipAddress: 81.231.243.55
lastlocation:
  world: world
  x: 735.6085198971437
  y: 73.0
  z: -1990.4980039445225
  yaw: 268.3738
  pitch: 12.300002
ban:
  reason: Griefing
