timestamps:
  login: 1339453152777
  logout: 1339453314779
ipAddress: 24.78.246.228
lastlocation:
  world: world
  x: 2261.2833376292847
  y: 57.0
  z: 1206.058147721297
  yaw: 1.3348417
  pitch: 3.600016
