timestamps:
  login: 1337488833471
  lastteleport: 1337488669100
  logout: 1337489226265
ipAddress: 94.246.13.23
lastlocation:
  world: world
  x: -17.538773729591234
  y: 74.0
  z: 444.01426149670226
  yaw: -136.5195
  pitch: -14.19428
