timestamps:
  login: 1341034913737
  logout: 1341034915227
ipAddress: 121.216.214.220
lastlocation:
  world: world
  x: -45.5
  y: 77.0
  z: 426.5
  yaw: 6.749982
  pitch: 13.800003
