timestamps:
  login: 1335474520867
  lastteleport: 1335474561063
  logout: 1335474563302
ipAddress: 99.245.186.9
lastlocation:
  world: world
  x: 735.4186218138915
  y: 73.0
  z: -1992.3211972165673
  yaw: 278.12378
  pitch: 3.9000025
