timestamps:
  login: 1335206703555
  logout: 1335206756234
  lastteleport: 1335206718147
ipAddress: 24.22.121.172
lastlocation:
  world: world
  x: 3181.900363122841
  y: 68.0
  z: 513.0413208078544
  yaw: 33.71581
  pitch: 15.749978
money: 298.0
