timestamps:
  login: 1335608858801
  logout: 1335613196928
  lastteleport: 1335610535292
ipAddress: 99.35.217.78
lastlocation:
  world: world
  x: 3879.0357094315837
  y: 64.0
  z: 354.0365935153029
  yaw: 149.18971
  pitch: -12.2068205
