timestamps:
  login: 1335581518442
  logout: 1335583945633
  lastteleport: 1335583580084
ipAddress: 71.33.19.222
lastlocation:
  world: world
  x: 3891.142661381554
  y: 64.0
  z: 369.3501987872715
  yaw: 136.59544
  pitch: 20.100214
money: 0.0
homes:
  home:
    world: world
    x: 781.0186855028014
    y: 72.0
    z: -1837.9647750204936
    yaw: -167.07422
    pitch: 62.699997
