timestamps:
  login: 1335999002556
  lastteleport: 1335999137773
  logout: 1335999311168
ipAddress: 68.55.176.238
lastlocation:
  world: world
  x: 3861.0426321115274
  y: 71.0
  z: 319.82521207434365
  yaw: 274.14526
  pitch: 1.350229
