timestamps:
  login: 1335657885352
  logout: 1335657888238
  lastteleport: 1335489885191
ipAddress: 96.8.163.107
lastlocation:
  world: world
  x: 1077.300000011921
  y: 68.0
  z: -2419.328094120272
  yaw: 193.8841
  pitch: 42.542225
money: 0.0
