timestamps:
  login: 1334003443401
  lastteleport: 1333978995643
  logout: 1334003447813
ipAddress: 24.102.34.91
lastlocation:
  world: world
  x: 375.43601004586395
  y: 90.0
  z: 985.4125715357854
  yaw: -178.07104
  pitch: 10.349975
