timestamps:
  login: 1335277759311
  lastteleport: 1335277902443
  logout: 1335278077883
ipAddress: 174.51.84.232
lastlocation:
  world: world
  x: 765.6263037775491
  y: 67.0
  z: -2016.5883762509413
  yaw: 119.453964
  pitch: 41.07096
