timestamps:
  login: 1338252751392
  lastteleport: 1338252767803
  logout: 1338252800041
ipAddress: 71.32.83.180
lastlocation:
  world: world
  x: -67.28293211090752
  y: 77.0
  z: 408.6577751572348
  yaw: 145.48636
  pitch: -7.9188333
