timestamps:
  login: 1338346818015
  logout: 1338346933139
  lastteleport: 1335124517495
ipAddress: 68.118.108.124
lastlocation:
  world: world
  x: -85.13404779020678
  y: 77.5
  z: 472.1153178895459
  yaw: -2.8481421
  pitch: 22.800043
