timestamps:
  login: 1334108336547
  lastteleport: 1334109843447
  logout: 1334109844877
ipAddress: 121.72.182.219
lastlocation:
  world: world
  x: 154.0121650221343
  y: 75.0
  z: 448.7313931685522
  yaw: -91.51965
  pitch: -4.3500276
homes:
  home:
    world: world
    x: -7.69999998807907
    y: 43.5
    z: 880.3000000119209
    yaw: 323.9708
    pitch: 26.699944
