timestamps:
  login: 1334880915628
  logout: 1334783334059
  lastteleport: 1334882387092
ipAddress: 69.49.60.195
lastlocation:
  world: world
  x: 3386.820698347689
  y: 70.0
  z: 1695.4062404884673
  yaw: 54.976105
  pitch: 16.799994
money: 9999.0
ban:
  reason: Bad Bad Bad Idea to set town at the Spawn
