timestamps:
  login: 1336254725238
  lastteleport: 1336255028629
  logout: 1336255222023
ipAddress: 68.33.141.172
lastlocation:
  world: world
  x: 3892.1100952696875
  y: 64.0
  z: 371.22175281614835
  yaw: 127.56186
  pitch: 25.106726
