timestamps:
  login: 1336201042007
  lastteleport: 1336201112755
  logout: 1336201701351
ipAddress: 121.210.162.48
lastlocation:
  world: world
  x: 3922.525421347839
  y: 87.0
  z: 189.02656383677632
  yaw: 183.54538
  pitch: 20.100222
