timestamps:
  login: 1340588021544
  logout: 1340590697584
ipAddress: 173.19.244.102
lastlocation:
  world: world
  x: -259.94356068673903
  y: 112.0
  z: -133.00061780815798
  yaw: 83.82349
  pitch: 25.499945
