timestamps:
  login: 1340999771659
  lastteleport: 1341001902600
  logout: 1341001978105
ipAddress: 24.12.45.36
lastlocation:
  world: world
  x: 496.2101906967997
  y: 64.0
  z: 749.0551470778134
  yaw: -144.47426
  pitch: 28.050016
