timestamps:
  login: 1333938768893
  lastteleport: 1333939384384
  logout: 1333939391315
ipAddress: 112.210.250.70
lastlocation:
  world: world
  x: 375.30000001192093
  y: 70.0
  z: 982.5434806478455
  yaw: 99.72919
  pitch: 29.099981
