timestamps:
  login: 1336330169788
  lastteleport: 1335402072641
  logout: 1336330223325
ipAddress: 76.209.52.157
lastlocation:
  world: world
  x: 16951.99183541598
  y: 79.0
  z: 1757.9073757488027
  yaw: -218.62306
  pitch: 34.049915
