timestamps:
  login: 1337649454309
  logout: 1337649456881
  lastteleport: 1337649434907
ipAddress: 41.240.145.166
lastlocation:
  world: world
  x: 90.04429342589113
  y: 74.0
  z: 561.1678591621461
  yaw: 137.83148
  pitch: 16.258175
