timestamps:
  login: 1335015536503
  logout: 1335015693660
  lastteleport: 1334750124802
ipAddress: 2.111.119.170
lastlocation:
  world: world
  x: 1478.8824180862484
  y: 70.0
  z: 178.25485782493539
  yaw: -250.67696
  pitch: -9.306557
