timestamps:
  login: 1340780092067
  logout: 1340780141350
ipAddress: 116.14.161.70
lastlocation:
  world: world
  x: 7.381380826294781
  y: 74.5
  z: 417.97897372338804
  yaw: -55.971165
  pitch: 8.725722
