timestamps:
  login: 1335557195785
  lastteleport: 1335557471178
  logout: 1335557503566
ipAddress: 92.7.225.161
lastlocation:
  world: world
  x: 3864.784374862172
  y: 64.0
  z: 330.8466434928456
  yaw: -217.5546
  pitch: 25.050213
