timestamps:
  login: 1338341341311
  lastteleport: 1334363365306
  logout: 1338341398090
ipAddress: 216.2.81.218
lastlocation:
  world: world
  x: -0.6597110878215825
  y: 77.0
  z: 395.2242331156691
  yaw: -166.5001
  pitch: 22.800018
