timestamps:
  login: 1334425328634
  lastteleport: 1334425521408
  logout: 1334425916574
ipAddress: 62.163.132.163
lastlocation:
  world: world
  x: 377.332923940078
  y: 67.0
  z: 152.94974383738034
  yaw: -249.92242
  pitch: 18.299732
