timestamps:
  login: 1338241951210
  lastteleport: 1338051939379
  logout: 1338242206398
ipAddress: 95.68.22.10
lastlocation:
  world: world
  x: -59.69999998807907
  y: 78.0
  z: 430.2598980232521
  yaw: -325.87546
  pitch: -16.885756
money: 0.0
