timestamps:
  login: 1334012359690
  logout: 1334012366707
  lastteleport: 1334003529432
ipAddress: 207.224.104.158
lastlocation:
  world: world
  x: 404.0632666257466
  y: 68.0
  z: 166.99979881986266
  yaw: 199.92722
  pitch: 31.799702
