timestamps:
  login: 1338654564776
  lastteleport: 1338655015510
  logout: 1338655139142
ipAddress: 82.35.54.157
lastlocation:
  world: world
  x: 44.66254607335521
  y: 21.0
  z: 523.3562024277569
  yaw: 253.34956
  pitch: -49.050026
