timestamps:
  login: 1335555259690
  lastteleport: 1335555308910
  logout: 1335555494124
ipAddress: 86.128.17.105
lastlocation:
  world: world
  x: 3862.699999988079
  y: 71.0
  z: 319.7356936465468
  yaw: 263.49545
  pitch: -7.79977
