timestamps:
  login: 1341033835910
  logout: 1341033860178
ipAddress: 220.233.40.236
lastlocation:
  world: world
  x: -16.657581326899297
  y: 74.0
  z: 401.5776956027818
  yaw: 56.249912
  pitch: 8.249973
