timestamps:
  login: 1335314308703
  logout: 1335314382753
  lastteleport: 1335145123950
ipAddress: 74.184.35.168
lastlocation:
  world: world
  x: 3256.1751127180487
  y: 63.0
  z: 1781.560521857317
  yaw: -65.38866
  pitch: 18.346752
money: 299.0
