timestamps:
  login: 1334168602124
  lastteleport: 1334168693624
  logout: 1334168762961
ipAddress: 173.189.99.218
lastlocation:
  world: world
  x: 372.1490050802855
  y: 64.0
  z: 187.61047342811582
  yaw: -269.12268
  pitch: 4.0500073
money: 10.0
homes:
  home:
    world: world
    x: 362.6819091253008
    y: 64.0
    z: 187.0291647480845
    yaw: -26.422684
    pitch: 15.300052
ban:
  reason: you atfu
