timestamps:
  login: 1335304912309
  lastteleport: 1335304965059
  logout: 1335304972649
ipAddress: 83.119.100.72
lastlocation:
  world: world
  x: 794.1535982271911
  y: 67.0
  z: -1996.3379306832576
  yaw: 288.6236
  pitch: 12.15001
