timestamps:
  login: 1336584052006
  lastteleport: 1336584125128
  logout: 1336584179071
ipAddress: 83.92.86.96
lastlocation:
  world: world
  x: 3891.508474926667
  y: 64.0
  z: 370.32513056988256
  yaw: 95.74209
  pitch: 16.156834
