timestamps:
  login: 1334380129478
  lastteleport: 1334380196351
  logout: 1334380225618
ipAddress: 66.183.49.79
lastlocation:
  world: world
  x: 403.3804634085421
  y: 68.0
  z: 196.6275665194099
  yaw: -166.22247
  pitch: 25.79973
