timestamps:
  login: 1341008325958
  logout: 1341008384347
ipAddress: 70.248.185.201
lastlocation:
  world: world
  x: -36.421162974334436
  y: 74.0
  z: 429.7330863465048
  yaw: -150.44998
  pitch: -15.450012
