timestamps:
  login: 1335209216243
  lastteleport: 1335209345621
ipAddress: 24.224.217.185
lastlocation:
  world: world
  x: 766.1072329063231
  y: 67.0
  z: -2016.124008593777
  yaw: 129.77353
  pitch: 25.649937
