timestamps:
  login: 1334912321546
  lastteleport: 1334914286127
  logout: 1334914954823
ipAddress: 124.179.170.163
lastlocation:
  world: world
  x: 1640.8598096559738
  y: 12.0
  z: -460.30000001192093
  yaw: -227.73193
  pitch: -0.7499435
