timestamps:
  login: 1334885657869
  lastteleport: 1334886990660
  logout: 1334887055077
ipAddress: 118.92.0.135
lastlocation:
  world: world
  x: 1498.300000011921
  y: 84.0
  z: -187.5026475513774
  yaw: -89.43179
  pitch: 5.6434197
money: 298.0
