timestamps:
  login: 1334615705058
  logout: 1334615707517
ipAddress: 68.199.92.182
lastlocation:
  world: world
  x: 217.5
  y: 74.0
  z: 248.5
  yaw: -3.354892
  pitch: -6.949419
