timestamps:
  login: 1337589010305
  logout: 1337591714373
  lastteleport: 1337590162012
ipAddress: 71.58.186.120
lastlocation:
  world: world
  x: -17.31142515019606
  y: 67.0
  z: 712.7948767235048
  yaw: -271.0056
  pitch: 21.86195
