timestamps:
  login: 1336565794172
  lastteleport: 1336465578260
  logout: 1336565795068
ipAddress: 124.186.170.221
lastlocation:
  world: world
  x: 3891.100631072538
  y: 64.0
  z: 370.18355369860933
  yaw: 109.14544
  pitch: 22.800213
