timestamps:
  login: 1336428518782
  lastteleport: 1336428703985
  logout: 1336428965925
ipAddress: 114.76.163.241
lastlocation:
  world: world
  x: 3891.5
  y: 64.0
  z: 370.5
  yaw: 136.59544
  pitch: 20.100214
