timestamps:
  login: 1338180679958
  logout: 1338183937452
  lastteleport: 1338182382837
ipAddress: 65.175.231.97
lastlocation:
  world: world
  x: -574.2693334723383
  y: 23.0
  z: 80.84861905558418
  yaw: 86.99862
  pitch: 17.849998
