timestamps:
  login: 1333924935662
  lastteleport: 1333924907217
  logout: 1333925127159
ipAddress: 71.192.59.121
lastlocation:
  world: world
  x: 375.5723347284563
  y: 65.0
  z: 936.4846408191704
  yaw: 185.07849
  pitch: 21.899971
