timestamps:
  login: 1336000860286
  lastteleport: 1336000919393
  logout: 1336000942612
ipAddress: 74.50.147.183
lastlocation:
  world: world
  x: 3886.492535062255
  y: 64.0
  z: 366.7263446474819
  yaw: 152.42464
  pitch: 1.8922365
