timestamps:
  login: 1335394458963
  logout: 1335394621399
  lastteleport: 1335394576923
ipAddress: 76.6.74.122
lastlocation:
  world: world
  x: 1829.2626627428915
  y: 69.5
  z: -669.5454860649326
  yaw: -131.01472
  pitch: 25.049984
