timestamps:
  login: 1339331072154
  lastteleport: 1339331169802
  logout: 1339331232931
ipAddress: 58.165.114.38
lastlocation:
  world: world
  x: -80.41428184370112
  y: 89.0
  z: 411.8620987353935
  yaw: 95.100784
  pitch: 34.94999
