timestamps:
  login: 1334713012865
  logout: 1334713015385
  lastteleport: 1334666565772
ipAddress: 98.144.41.185
lastlocation:
  world: world
  x: 2100.6801717628045
  y: 70.0
  z: 1337.1656465123465
  yaw: 341.1896
  pitch: 21.749914
