timestamps:
  login: 1338363764497
  lastteleport: 1338362454393
  logout: 1338363770711
ipAddress: 174.7.171.19
lastlocation:
  world: world
  x: 1723.445558527421
  y: 64.0
  z: -442.59679409454793
  yaw: -28.372505
  pitch: 16.200087
money: 295.0
