timestamps:
  login: 1333992533618
  lastteleport: 1333992591807
  logout: 1333992623275
ipAddress: 85.165.210.35
lastlocation:
  world: world
  x: 403.6642580181871
  y: 68.0
  z: 176.21378692429386
  yaw: -177.77249
  pitch: 15.2997265
