timestamps:
  login: 1335999002013
  lastteleport: 1335999179159
  logout: 1335999260442
ipAddress: 24.7.171.30
lastlocation:
  world: world
  x: 3860.0288956090376
  y: 71.0
  z: 321.2532846846561
  yaw: 185.04498
  pitch: 13.650208
