timestamps:
  login: 1335238272109
  lastteleport: 1335238427243
  logout: 1335238666032
ipAddress: 99.71.121.32
lastlocation:
  world: world
  x: 773.4456628216358
  y: 71.0
  z: -2032.3398319674454
  yaw: 172.05933
  pitch: 23.46659
