timestamps:
  login: 1338967711700
  lastteleport: 1338968158894
  logout: 1338968258731
ipAddress: 74.100.47.209
lastlocation:
  world: world_nether
  x: 272.8100949028898
  y: 131.07824397370052
  z: 136.89023151617508
  yaw: -295.36505
  pitch: 16.500034
