timestamps:
  login: 1335888621143
  lastteleport: 1335888753946
  logout: 1335888761988
ipAddress: 71.187.20.17
lastlocation:
  world: world
  x: 3870.188190835371
  y: 90.0
  z: 344.4382910565538
  yaw: 96.095215
  pitch: -0.89979464
