timestamps:
  login: 1340575654513
  logout: 1340575770194
ipAddress: 76.69.151.210
lastlocation:
  world: world
  x: -8.216723252073425
  y: 74.0
  z: 455.12343410473403
  yaw: -42.201538
  pitch: 21.750751
