timestamps:
  login: 1338940555536
  logout: 1338940912228
  lastteleport: 1338940795937
ipAddress: 71.239.166.124
lastlocation:
  world: world
  x: 8.519137342856919
  y: 87.0
  z: 461.76516677495454
  yaw: 258.78802
  pitch: 19.415386
