timestamps:
  login: 1337123526628
  lastteleport: 1337129114468
  logout: 1337129150246
ipAddress: 80.203.54.171
lastlocation:
  world: world
  x: -280.4423768350885
  y: 60.0
  z: 186.0727933006872
  yaw: -82.93264
  pitch: 12.750011
homes:
  home:
    world: world
    x: -62.53338109692102
    y: 64.0
    z: 107.7200952613464
    yaw: -172.22346
    pitch: 45.449986
