timestamps:
  login: 1335401888498
  logout: 1335402115984
  lastteleport: 1335401899704
ipAddress: 76.209.52.157
lastlocation:
  world: world
  x: 746.4524275886567
  y: 73.0
  z: -1991.052740822004
  yaw: 268.67374
  pitch: 17.400003
