timestamps:
  login: 1338426708997
  logout: 1338426711152
ipAddress: 89.236.39.187
lastlocation:
  world: world
  x: -443.06693549016234
  y: 67.0
  z: 717.6840094745857
  yaw: -168.56665
  pitch: 21.942219
