timestamps:
  login: 1341088192067
  logout: 1341088200227
ipAddress: 74.198.151.57
lastlocation:
  world: world_nether
  x: 264.13723394370965
  y: 128.0
  z: 130.78592923255462
  yaw: -263.63327
  pitch: -0.62009335
