timestamps:
  login: 1338121526094
  logout: 1338121692607
  lastteleport: 1336483970611
ipAddress: 174.7.86.193
lastlocation:
  world: world
  x: -60.105705905890154
  y: 77.0
  z: 417.3147477452321
  yaw: -226.93243
  pitch: 5.669072
