timestamps:
  login: 1339785925232
  lastteleport: 1339531295320
  logout: 1339785936514
ipAddress: 98.253.46.153
lastlocation:
  world: world
  x: 2118.441586896534
  y: 64.0
  z: 994.9284452494896
  yaw: 99.75769
  pitch: 3.7500248
money: 0.01
