timestamps:
  login: 1335930476809
  lastteleport: 1335930657900
  logout: 1335930674531
ipAddress: 67.148.163.241
lastlocation:
  world: world_nether
  x: 485.4988937277326
  y: 83.0
  z: 26.94292477462156
  yaw: -18.204407
  pitch: -12.749973
