timestamps:
  login: 1334065394932
  lastteleport: 1334065550994
  logout: 1334065624679
ipAddress: 2.103.108.113
lastlocation:
  world: world
  x: 402.9437414543417
  y: 67.0
  z: 122.29844755030784
  yaw: -134.27264
  pitch: -1.0502541
