timestamps:
  login: 1341069797974
  logout: 1341069915178
ipAddress: 75.81.234.26
lastlocation:
  world: world
  x: -17.77064633508749
  y: 74.0
  z: 396.3405868998895
  yaw: -342.0
  pitch: 30.299986
