timestamps:
  login: 1334604950131
  lastteleport: 1334605006343
  logout: 1334605028874
ipAddress: 173.206.4.82
lastlocation:
  world: world
  x: 1500.0965584123799
  y: 70.0
  z: 181.12010376129692
  yaw: -289.37805
  pitch: 63.44341
