timestamps:
  login: 1334065256584
  lastteleport: 1334065356790
  logout: 1334065404520
ipAddress: 68.4.176.223
lastlocation:
  world: world
  x: 376.24287977090506
  y: 64.0
  z: 148.22165794387402
  yaw: -71.72259
  pitch: 37.49975
