timestamps:
  login: 1335041634625
  lastteleport: 1335042592720
  logout: 1335042647531
ipAddress: 99.53.93.9
lastlocation:
  world: world
  x: 3303.9244138209524
  y: 64.0
  z: 315.812589586136
  yaw: -42.355927
  pitch: 0.022092829
money: 340.0
