timestamps:
  login: 1336364318658
  lastteleport: 1336362080806
  logout: 1336364344853
ipAddress: 154.5.130.246
lastlocation:
  world: world
  x: 3815.6633203378406
  y: 64.0
  z: 434.14531188932966
  yaw: -46.549503
  pitch: 30.599997
money: 150.0
