timestamps:
  login: 1338381506400
  logout: 1338381821637
  lastteleport: 1336322587920
ipAddress: 24.224.4.227
lastlocation:
  world: world
  x: -49.52255494147517
  y: 80.0
  z: 428.0606243279939
  yaw: 90.54026
  pitch: -11.179925
