timestamps:
  login: 1335816594388
  lastteleport: 1335816689636
  logout: 1335816886423
ipAddress: 213.94.180.250
lastlocation:
  world: world
  x: 3858.2789367462055
  y: 64.0
  z: 352.76456811489095
  yaw: 188.03987
  pitch: 22.195704
