timestamps:
  login: 1334090715431
  lastteleport: 1334091390483
  logout: 1334092080365
ipAddress: 69.115.225.134
lastlocation:
  world: world
  x: 412.72758806097124
  y: 64.0
  z: 170.39933023535752
  yaw: 154.54944
  pitch: 2.118415
money: 0.0
