timestamps:
  login: 1335634487541
  lastteleport: 1335634344182
  logout: 1335634500395
ipAddress: 98.82.95.200
lastlocation:
  world: world
  x: 3877.0856015078425
  y: 64.0
  z: 350.2453391434042
  yaw: -78.784805
  pitch: 4.0379567
money: 100.0
