timestamps:
  login: 1338169960765
  logout: 1338169974526
ipAddress: 67.197.32.144
lastlocation:
  world: world
  x: -46.46797740014822
  y: 77.0
  z: 417.9450757911864
  yaw: -109.9365
  pitch: 11.275918
money: 299.0
