timestamps:
  login: 1336169843887
  lastteleport: 1336170495558
  logout: 1336170771360
ipAddress: 76.102.154.16
lastlocation:
  world: world
  x: 3498.5
  y: 105.0
  z: 1815.5
  yaw: -359.47815
  pitch: -7.663456
