timestamps:
  login: 1338187792305
  logout: 1338187840626
ipAddress: 99.247.245.8
lastlocation:
  world: world
  x: 33.20523636322588
  y: 13.0
  z: 357.2608679552211
  yaw: -98.88789
  pitch: 59.01388
