timestamps:
  login: 1339519932580
  logout: 1339520866420
  lastteleport: 1339520130026
ipAddress: 68.38.94.22
lastlocation:
  world: world
  x: 1053.2689202768738
  y: 5.0
  z: 471.300000011921
  yaw: -114.53998
  pitch: 23.249922
