timestamps:
  login: 1336353410669
  lastteleport: 1336353833245
  logout: 1336353949586
ipAddress: 174.118.150.138
lastlocation:
  world: world
  x: 3890.862167456254
  y: 64.0
  z: 369.825675623338
  yaw: 136.59544
  pitch: 20.100214
