timestamps:
  login: 1336191927351
  lastteleport: 1336192008204
  logout: 1336192145795
ipAddress: 67.171.145.194
lastlocation:
  world: world
  x: 3860.5396087058684
  y: 71.0
  z: 320.60135965910115
  yaw: 175.63753
  pitch: -3.908458
