timestamps:
  login: 1333925770458
  lastteleport: 1333925930785
  logout: 1333925950638
ipAddress: 68.169.161.36
lastlocation:
  world: world
  x: 365.2604371805933
  y: 65.0
  z: 944.1342089825143
  yaw: 82.19083
  pitch: 8.602902
