timestamps:
  login: 1335919665726
  lastteleport: 1335920017218
  logout: 1335919973726
ipAddress: 184.161.113.93
lastlocation:
  world: world
  x: 3857.998863368193
  y: 71.0
  z: 320.38245501120065
  yaw: 185.19542
  pitch: 13.949999
money: 25.0
