timestamps:
  login: 1336662156744
  logout: 1336662171564
  lastteleport: 1336346003607
ipAddress: 94.168.75.147
lastlocation:
  world: world
  x: 3581.3326451105754
  y: 73.96636804164123
  z: 1825.699999988079
  yaw: -110.71363
  pitch: -18.474379
