timestamps:
  login: 1333986300495
  logout: 1333986358220
  lastteleport: 1333986338814
ipAddress: 89.136.147.178
lastlocation:
  world: world
  x: 374.2105408677643
  y: 64.0
  z: 924.9292742404923
  yaw: -279.621
  pitch: 31.199993
