timestamps:
  login: 1335208843439
  lastteleport: 1335209325977
ipAddress: 65.17.162.8
lastlocation:
  world: world
  x: 766.1828788173791
  y: 67.0
  z: -2016.6676232558193
  yaw: -247.47638
  pitch: 30.450003
money: 299.0
