timestamps:
  login: 1336596989814
  lastteleport: 1336315627413
  logout: 1336597118635
ipAddress: 75.185.148.179
lastlocation:
  world: world
  x: 3860.327218902038
  y: 71.0
  z: 321.46782284213515
  yaw: 150.52731
  pitch: -3.3494723
