timestamps:
  login: 1335108054204
  lastteleport: 1335110203157
  logout: 1335111245440
ipAddress: 174.126.81.254
lastlocation:
  world: world
  x: 3184.8785008854015
  y: 74.0
  z: 574.3814707145798
  yaw: 180.8657
  pitch: 8.249979
money: 296.0
