timestamps:
  login: 1338364424231
  lastteleport: 1338050217530
  logout: 1338364512253
ipAddress: 122.107.220.188
lastlocation:
  world: world
  x: 1546.699999988079
  y: 67.0
  z: -48.81476843009591
  yaw: 103.18643
  pitch: 27.622429
homes:
  home:
    world: world
    x: 2909.9019937817766
    y: 64.0
    z: -1050.1140982601482
    yaw: 102.97547
    pitch: 20.709877
money: 298.0
