timestamps:
  login: 1334271189342
  lastteleport: 1334269330349
  logout: 1334269335533
ipAddress: 201.103.233.80
lastlocation:
  world: world
  x: 360.9403657159961
  y: 58.0
  z: 188.30000001192093
  yaw: -101.42258
  pitch: -11.8499775
money: 50.0
