timestamps:
  login: 1336087652123
  lastteleport: 1336089192373
  logout: 1336090201066
ipAddress: 138.88.79.43
lastlocation:
  world: world
  x: 3885.878854466545
  y: 64.0
  z: 364.39211860721275
  yaw: 112.19237
  pitch: 45.11835
