timestamps:
  login: 1336321772271
  lastteleport: 1336321357122
  logout: 1336321791460
ipAddress: 109.76.135.122
lastlocation:
  world: world
  x: 3406.041440829573
  y: 63.0
  z: 1833.0416063359198
  yaw: 273.3718
  pitch: 28.486557
money: 30.0
