timestamps:
  login: 1334102220364
  lastteleport: 1334102271963
  logout: 1334102554742
ipAddress: 122.106.24.240
lastlocation:
  world: world
  x: 403.8690325926399
  y: 68.0
  z: 166.91332734183806
  yaw: -177.32242
  pitch: 26.849726
