timestamps:
  login: 1334088397245
  logout: 1334088415104
  lastteleport: 1334023414632
ipAddress: 75.100.202.20
lastlocation:
  world: world
  x: 403.37334432906727
  y: 68.0
  z: 195.7641594439177
  yaw: -180.47247
  pitch: 21.749731
