timestamps:
  login: 1336796220275
  logout: 1336796254400
  lastteleport: 1336202512518
ipAddress: 24.63.19.2
lastlocation:
  world: world
  x: 1235.3936771639997
  y: 64.0
  z: 2567.584843799953
  yaw: 106.60297
  pitch: 23.250017
homes:
  home:
    world: world
    x: 4368.887153372126
    y: 5.0
    z: 632.3789801961966
    yaw: -57.65402
    pitch: 23.849985
