timestamps:
  login: 1338538397426
  lastteleport: 1338102440009
  logout: 1338538403624
ipAddress: 173.76.21.36
lastlocation:
  world: world
  x: -73.05677781684365
  y: 77.0
  z: 409.8088997935494
  yaw: -181.77173
  pitch: 30.920458
