timestamps:
  login: 1336243396503
  lastteleport: 1335447557438
  logout: 1336243409078
ipAddress: 84.217.114.27
lastlocation:
  world: world
  x: 764.7541487665239
  y: 67.0
  z: -2015.9836074212778
  yaw: 83.574356
  pitch: 0.7499783
