timestamps:
  login: 1334271211390
  lastteleport: 1334271811694
  logout: 1334272057490
ipAddress: 24.220.184.235
lastlocation:
  world: world
  x: 403.72076838619006
  y: 67.5
  z: 163.92183275496734
  yaw: 187.32721
  pitch: 14.400015
money: 100.0
