timestamps:
  login: 1338095864539
  logout: 1338097025304
  lastteleport: 1338096460831
ipAddress: 98.243.156.143
lastlocation:
  world: world
  x: 90.33357932395411
  y: 67.0
  z: 598.3391043001609
  yaw: -15.633573
  pitch: 19.347622
money: 285.0
ban:
  reason: ''
