timestamps:
  login: 1340122910091
  logout: 1340122954342
ipAddress: 81.98.172.215
lastlocation:
  world: world
  x: 41.99815150440894
  y: 21.0
  z: 529.0465823457682
  yaw: 49.68202
  pitch: 44.54794
