timestamps:
  login: 1334067760804
  lastteleport: 1334068147094
  logout: 1334068161183
ipAddress: 80.1.196.41
lastlocation:
  world: world
  x: 404.44132180767497
  y: 67.0
  z: 119.92500001192093
  yaw: 180.87755
  pitch: 5.8497367
money: 50.0
