timestamps:
  login: 1334080900625
  lastteleport: 1334080911552
  logout: 1334080938350
ipAddress: 24.46.218.25
lastlocation:
  world: world
  x: 403.3804634085421
  y: 68.0
  z: 196.6275665194099
  yaw: -180.47247
  pitch: 21.749731
