timestamps:
  login: 1335048236095
  lastteleport: 1335048351898
  logout: 1335048490765
ipAddress: 76.94.60.100
lastlocation:
  world: world
  x: 3064.9964185878925
  y: 62.0
  z: 1464.1849520923743
  yaw: -0.06399298
  pitch: 13.950002
