timestamps:
  login: 1340484287370
  logout: 1340484459920
ipAddress: 68.116.165.160
lastlocation:
  world: world
  x: -91.47361236865824
  y: 74.0
  z: 381.3050231140866
  yaw: -222.3001
  pitch: 19.499998
