timestamps:
  login: 1338837239546
  logout: 1338837244579
ipAddress: 98.227.0.15
lastlocation:
  world: world
  x: 130.05402342511607
  y: 66.0
  z: 629.2740221759796
  yaw: -94.200035
  pitch: 23.700008
