timestamps:
  login: 1336369875213
  lastteleport: 1336370455235
  logout: 1336371200932
ipAddress: 98.165.44.251
lastlocation:
  world: world
  x: 3859.253978220101
  y: 71.0
  z: 320.73375696227856
  yaw: 138.84546
  pitch: 1.6499673
