timestamps:
  login: 1339988142733
  logout: 1339988333559
ipAddress: 174.55.96.179
lastlocation:
  world: world
  x: 150.4393890486389
  y: 66.0
  z: 618.1893057541912
  yaw: -78.29968
  pitch: 12.600015
