timestamps:
  login: 1338106815543
  logout: 1338106846690
  lastteleport: 1335908522295
ipAddress: 108.214.164.51
lastlocation:
  world: world
  x: -64.37668665657418
  y: 83.5
  z: 430.01659552610477
  yaw: 200.0511
  pitch: -32.246418
