timestamps:
  login: 1334068168151
  lastteleport: 1334068219104
  logout: 1334068311133
ipAddress: 176.24.70.175
lastlocation:
  world: world
  x: 403.4709544262833
  y: 68.0
  z: 195.55215245415596
  yaw: -174.77246
  pitch: 5.849731
