timestamps:
  login: 1338168638594
  logout: 1338168660471
  lastteleport: 1338168651206
ipAddress: 2.111.62.10
lastlocation:
  world: world
  x: 1558.8741984714331
  y: 75.0
  z: 52.94445226626055
  yaw: -0.76383626
  pitch: 19.37238
