timestamps:
  login: 1336559844013
  logout: 1336560587975
  lastteleport: 1336560299328
ipAddress: 174.46.161.74
lastlocation:
  world: world
  x: 832.2948224451496
  y: 63.0
  z: -1132.6584699037544
  yaw: -227.74011
  pitch: 12.705968
money: 950.0
