timestamps:
  login: 1335992969894
  lastteleport: 1335992985841
  logout: 1335993216193
ipAddress: 68.149.13.94
lastlocation:
  world: world
  x: 3883.8940816343816
  y: 64.0
  z: 361.507441358286
  yaw: 146.4258
  pitch: 7.812214
