timestamps:
  login: 1334067660954
  lastteleport: 1334068338651
  logout: 1334069646133
ipAddress: 2.96.174.46
lastlocation:
  world: world
  x: 401.24076236633084
  y: 64.0
  z: 143.39722729351644
  yaw: -77.72272
  pitch: 3.299739
