timestamps:
  login: 1336913168355
  lastteleport: 1336913184847
  logout: 1336913190413
ipAddress: 99.184.249.141
lastlocation:
  world: world
  x: -2342.9118227943154
  y: 64.0
  z: -2479.405643530596
  yaw: -90.648254
  pitch: 22.862707
money: 3.0
homes:
  home:
    world: world
    x: 4394.048631921445
    y: 139.0
    z: 2120.5408166538195
    yaw: 352.59354
    pitch: 38.273357
