timestamps:
  login: 1335033310813
  lastteleport: 1334496615392
  logout: 1335033368076
ipAddress: 66.183.30.177
lastlocation:
  world: world
  x: 1497.7952800744833
  y: 70.0
  z: 180.66198231758014
  yaw: -60.17798
  pitch: 12.293438
