timestamps:
  login: 1335907528951
  lastteleport: 1335907638499
  logout: 1335907879941
ipAddress: 108.46.237.56
lastlocation:
  world: world
  x: 2531.8538451672084
  y: 80.0
  z: 1426.2764148459864
  yaw: 189.43365
  pitch: 37.171913
