timestamps:
  login: 1336229116943
  lastteleport: 1336170043613
  logout: 1336229204667
ipAddress: 67.198.62.43
lastlocation:
  world: world
  x: 3858.699999988079
  y: 82.0
  z: 241.69999998807907
  yaw: -168.6336
  pitch: -1.4362423
