timestamps:
  login: 1337465833960
  logout: 1337466034580
  lastteleport: 1337465919508
ipAddress: 173.140.13.80
lastlocation:
  world: world
  x: 9.300000011920924
  y: 87.0
  z: 462.62422400881667
  yaw: -81.59979
  pitch: 39.89979
