timestamps:
  login: 1338412269833
  lastteleport: 1336236346472
  logout: 1338412269987
ipAddress: 67.184.161.185
lastlocation:
  world: world
  x: -49.5
  y: 80.0
  z: 428.5
  yaw: -160.19406
  pitch: 16.606096
homes:
  home:
    world: world
    x: 3326.7938443590992
    y: 14.0
    z: 1995.3197898922474
    yaw: -146.87285
    pitch: 33.000015
