timestamps:
  login: 1335915960288
  lastteleport: 1335916289589
  logout: 1335916378078
ipAddress: 86.143.59.226
lastlocation:
  world: world
  x: 3812.4654279951897
  y: 47.0
  z: -127.07370906601354
  yaw: 238.37689
  pitch: 27.585423
money: 143.0
