timestamps:
  login: 1336145230632
  lastteleport: 1335094290699
  logout: 1336145244600
ipAddress: 188.114.134.254
lastlocation:
  world: world
  x: 3062.310810664513
  y: 69.0
  z: 779.3656399542521
  yaw: -88.306885
  pitch: -1.1790265
money: 299.0
