timestamps:
  login: 1338601753093
  lastteleport: 1338601821931
  logout: 1338602486048
ipAddress: 84.210.11.100
lastlocation:
  world: world
  x: 3627.3880977358654
  y: 68.0
  z: -1470.9343854638719
  yaw: 5.372162
  pitch: 12.749986
money: 0.0
homes:
  home:
    world: world
    x: 3533.241290781269
    y: 63.0
    z: -1598.4530739779798
    yaw: 209.5238
    pitch: 57.599895
nickname: dacookiemonsta
