timestamps:
  login: 1336838009306
  lastteleport: 1336838051802
  logout: 1336838066377
ipAddress: 108.23.228.128
lastlocation:
  world: world
  x: 785.0631796040042
  y: 63.0
  z: -1126.1727063395504
  yaw: -65.40402
  pitch: 11.550013
