timestamps:
  login: 1333948685917
  logout: 1333948777431
  lastteleport: 1333928960063
ipAddress: 121.220.212.191
lastlocation:
  world: world
  x: 366.40839117580117
  y: 65.0
  z: 943.782244851963
  yaw: 186.58034
  pitch: 30.149866
