timestamps:
  login: 1333983926593
  lastteleport: 1333984001122
  logout: 1333984244106
ipAddress: 82.42.229.140
lastlocation:
  world: world
  x: 368.17332554473103
  y: 76.5
  z: 983.127528011502
  yaw: -213.77113
  pitch: 9.899969
