timestamps:
  login: 1340054969811
  lastteleport: 1340054680756
  logout: 1340054962861
ipAddress: 68.38.32.123
lastlocation:
  world: world
  x: -327.7197604116966
  y: 63.0
  z: 322.22741532251433
  yaw: 118.022224
  pitch: 3.150005
