timestamps:
  login: 1334003305088
  lastteleport: 1334003376118
  logout: 1334003432814
ipAddress: 67.242.213.77
lastlocation:
  world: world
  x: 401.94468516253073
  y: 68.0
  z: 189.4397315918376
  yaw: -163.13254
  pitch: 2.9495907
