timestamps:
  login: 1338661690849
  logout: 1338661774050
ipAddress: 2.150.32.57
lastlocation:
  world: world
  x: -84.6360497335829
  y: 77.0
  z: 372.57499998807907
  yaw: -296.63464
  pitch: 3.544434
money: 280.0
