timestamps:
  login: 1335262847664
  lastteleport: 1335262927065
  logout: 1335262936662
ipAddress: 116.14.103.192
lastlocation:
  world: world_the_end
  x: 51.92135093095327
  y: 54.5
  z: 9.300000011920927
  yaw: 124.25763
  pitch: -3.7991955
