timestamps:
  login: 1334375601649
  lastteleport: 1334375760442
  logout: 1334375791580
ipAddress: 114.76.224.11
lastlocation:
  world: world
  x: 404.1086319722017
  y: 67.0
  z: 124.0880433506587
  yaw: -187.07224
  pitch: 15.899736
