timestamps:
  login: 1335211219627
  lastteleport: 1335211292547
  logout: 1335211871088
ipAddress: 96.247.198.103
lastlocation:
  world: world
  x: 764.3647408157589
  y: 67.0
  z: -2016.6627175076426
  yaw: -256.776
  pitch: 2.2499826
money: 299.0
