timestamps:
  login: 1335906429579
  lastteleport: 1335906643094
  logout: 1335907061602
ipAddress: 2.216.166.67
lastlocation:
  world: world
  x: 3913.7531310772915
  y: 80.0
  z: 344.3662739340808
  yaw: 285.21252
  pitch: 15.905021
