timestamps:
  login: 1334436718004
  logout: 1334436860886
  lastteleport: 1334436851407
ipAddress: 208.115.151.65
lastlocation:
  world: world
  x: 2518.300000011921
  y: 83.0
  z: -513.8833640693306
  yaw: 120.99123
  pitch: -18.16198
