timestamps:
  login: 1333938395714
  lastteleport: 1333938600891
  logout: 1333938655680
ipAddress: 75.168.32.219
lastlocation:
  world: world
  x: 159.12711881047937
  y: 72.0
  z: 777.797020000054
  yaw: -136.52014
  pitch: 18.749975
