timestamps:
  login: 1336357366885
  lastteleport: 1336188106259
  logout: 1336357419803
ipAddress: 174.3.51.152
lastlocation:
  world: world
  x: 3895.070884504012
  y: 79.0
  z: 304.9967393281656
  yaw: 206.77318
  pitch: 7.487621
