timestamps:
  login: 1335554336084
  lastteleport: 1335554735944
  logout: 1335554829581
ipAddress: 69.243.100.210
lastlocation:
  world: world
  x: 3886.402578213786
  y: 64.0
  z: 364.3749756494851
  yaw: 142.14545
  pitch: 10.500214
