timestamps:
  login: 1338225709845
  logout: 1338226356326
ipAddress: 92.25.181.94
lastlocation:
  world: world
  x: -205.86556449814543
  y: 26.0
  z: 490.63503957743495
  yaw: 145.10187
  pitch: 1.650006
