timestamps:
  login: 1338364601459
  lastteleport: 1338364650193
  logout: 1338364662416
ipAddress: 67.232.74.164
lastlocation:
  world: world
  x: 1556.699999988079
  y: 68.0
  z: 55.69999998807907
  yaw: 186.44324
  pitch: 7.402646
homes:
  home:
    world: world_the_end
    x: -69.6840885474881
    y: 40.0
    z: 13.300000011920929
    yaw: -36.23477
    pitch: 23.999983
