timestamps:
  login: 1338683402195
  lastteleport: 1338683786893
  logout: 1338683888906
ipAddress: 24.34.171.187
lastlocation:
  world: world
  x: 2556.166355653298
  y: 80.0
  z: 280.26688680162084
  yaw: 140.96231
  pitch: 25.838734
money: 297.0
homes:
  home:
    world: world
    x: 2975.9900228112
    y: 33.0
    z: 2987.6953575297657
    yaw: 351.89694
    pitch: 22.52761
