timestamps:
  login: 1333981941943
  lastteleport: 1333982144542
  logout: 1333982196427
ipAddress: 98.204.128.205
lastlocation:
  world: world
  x: 395.63723435280866
  y: 66.0
  z: 979.7803575005556
  yaw: -102.02052
  pitch: 9.599972
