timestamps:
  login: 1334164182368
  lastteleport: 1334164787066
  logout: 1334165207854
ipAddress: 87.50.93.112
lastlocation:
  world: world
  x: 557.2415618429467
  y: 69.0
  z: 213.49749955869328
  yaw: -178.97244
  pitch: 30.299994
money: 0.0
