timestamps:
  login: 1336170966352
  lastteleport: 1336171132226
  logout: 1336171146399
ipAddress: 70.90.143.154
lastlocation:
  world: world
  x: 1248.7174137143097
  y: 63.0
  z: 2620.2969427766197
  yaw: 235.91205
  pitch: 10.127973
money: 55.0
