timestamps:
  login: 1340736928945
  logout: 1340737024605
  lastteleport: 1340736968288
ipAddress: 74.134.94.16
lastlocation:
  world: world
  x: 155.0778274610417
  y: 65.0
  z: 607.6999999880791
  yaw: -83.09999
  pitch: 18.450022
