timestamps:
  login: 1336301703859
  lastteleport: 1336302055557
  logout: 1336302060653
ipAddress: 90.224.241.249
lastlocation:
  world: world
  x: 3437.645904894925
  y: 67.58230961125521
  z: 1009.6637869515251
  yaw: 210.35097
  pitch: 41.678802
