timestamps:
  login: 1340674693866
  logout: 1340674747832
ipAddress: 98.203.153.68
lastlocation:
  world: world
  x: -39.04934768370771
  y: 74.0
  z: 353.40830823099543
  yaw: -268.80002
  pitch: -11.699996
