timestamps:
  login: 1339314224358
  logout: 1339314242980
ipAddress: 101.161.230.86
lastlocation:
  world: world
  x: -108.02014956597606
  y: 74.0
  z: 362.89536957030623
  yaw: 138.89986
  pitch: 17.55
