timestamps:
  login: 1341032286280
  logout: 1341032350177
  lastteleport: 1340872364022
ipAddress: 122.150.106.78
lastlocation:
  world: world
  x: 2779.6684900622818
  y: 139.23920000076285
  z: 1182.699999988079
  yaw: 336.1514
  pitch: 18.899982
