timestamps:
  login: 1340986032201
  logout: 1340986548976
  lastteleport: 1340560753174
ipAddress: 99.112.18.202
lastlocation:
  world: world
  x: 2277.699999988079
  y: 65.0
  z: 1657.300000011921
  yaw: -100.70154
  pitch: 0.918307
