timestamps:
  login: 1338532501633
  lastteleport: 1337487041514
  logout: 1338532666527
ipAddress: 98.197.45.123
lastlocation:
  world: world
  x: -56.670825559900635
  y: 77.0
  z: 397.8937895221171
  yaw: -81.150116
  pitch: 34.799953
money: 80.0
