timestamps:
  login: 1335211031330
  lastteleport: 1335211077793
  logout: 1335211085579
ipAddress: 77.102.185.99
lastlocation:
  world: world
  x: 739.8180036262579
  y: 73.0
  z: -1990.4729109177279
  yaw: 268.6738
  pitch: 12.000003
money: 299.0
