timestamps:
  login: 1336217792379
  lastteleport: 1336217745529
  logout: 1336217804724
ipAddress: 58.168.228.88
lastlocation:
  world: world
  x: 3936.3124659826867
  y: 94.0
  z: 290.18478355991147
  yaw: 257.7774
  pitch: 17.332005
