timestamps:
  login: 1334026683189
  lastteleport: 1333940350302
  logout: 1333958217814
ipAddress: 71.227.13.108
lastlocation:
  world: world
  x: 376.94016051855965
  y: 65.0
  z: 935.9237777313563
  yaw: 124.03004
  pitch: 53.250034
