timestamps:
  login: 1333985851532
  lastteleport: 1333985903899
  logout: 1333988806840
ipAddress: 66.244.123.118
lastlocation:
  world: world
  x: 374.9170521001611
  y: 89.5
  z: 976.8764582217018
  yaw: -169.82104
  pitch: 23.099983
