timestamps:
  login: 1339289315412
  logout: 1339289497930
ipAddress: 203.161.80.56
lastlocation:
  world: world
  x: -85.94235888435762
  y: 91.0
  z: 459.09032806192056
  yaw: 10.350043
  pitch: 12.449822
