timestamps:
  login: 1338567776955
  logout: 1338567803518
  lastteleport: 1335936379475
ipAddress: 60.240.0.53
lastlocation:
  world: world
  x: -19.641071458388357
  y: 77.0
  z: 398.4843419035
  yaw: 195.80609
  pitch: 19.339231
