timestamps:
  login: 1333990037319
  lastteleport: 1333990129911
  logout: 1333990187912
ipAddress: 69.207.162.34
lastlocation:
  world: world
  x: 404.07517154355185
  y: 68.0
  z: 166.83855492658466
  yaw: -198.883
  pitch: 27.40458
