timestamps:
  login: 1338156321181
  logout: 1338156327624
  lastteleport: 1335617402894
ipAddress: 75.52.189.220
lastlocation:
  world: world
  x: 131.7702455521587
  y: 68.0
  z: 581.0669812092103
  yaw: 30.486715
  pitch: 23.952494
