timestamps:
  login: 1339961842846
  logout: 1339961912227
ipAddress: 24.142.39.203
lastlocation:
  world: world
  x: 89.54063590323997
  y: 29.0
  z: 508.5711407857839
  yaw: -100.95001
  pitch: 6.299986
