timestamps:
  login: 1334510629232
  lastteleport: 1334510677587
  logout: 1334510785447
ipAddress: 24.8.165.169
lastlocation:
  world: world
  x: 1499.6484042919526
  y: 70.0
  z: 178.78480629075668
  yaw: 330.7221
  pitch: 11.250014
