timestamps:
  login: 1335115982738
  lastteleport: 1335116262879
  logout: 1335116481953
ipAddress: 173.210.149.12
lastlocation:
  world: world
  x: 3221.8444978935477
  y: 70.0
  z: 617.3000000119209
  yaw: 206.81573
  pitch: 17.550001
money: 298.0
