timestamps:
  login: 1338589021407
  logout: 1338589572578
ipAddress: 70.178.253.252
lastlocation:
  world: world
  x: -104.42484193545825
  y: 65.0
  z: 143.52004211085688
  yaw: 118.94934
  pitch: 23.40004
