timestamps:
  login: 1336304626570
  lastteleport: 1336305844064
  logout: 1336305846356
ipAddress: 95.155.225.93
lastlocation:
  world: world
  x: 1761.3740491983808
  y: 10.0
  z: -1370.6530225946356
  yaw: -73.6178
  pitch: 5.246196
