timestamps:
  login: 1336007272476
  lastteleport: 1336007294778
  logout: 1336007879303
ipAddress: 184.1.12.30
lastlocation:
  world: world
  x: 3889.699999988079
  y: 81.0
  z: 296.30000001192093
  yaw: -175.10506
  pitch: -50.250015
