timestamps:
  login: 1338205617243
  lastteleport: 1338204557134
  logout: 1338205671116
ipAddress: 99.54.89.113
lastlocation:
  world: world
  x: 93.95524837497048
  y: 77.0
  z: 571.456724999741
  yaw: -46.148167
  pitch: -12.349751
money: 299.0
