timestamps:
  login: 1335032006570
  logout: 1335032203111
  lastteleport: 1335032078311
ipAddress: 66.8.202.89
lastlocation:
  world: world
  x: 3107.1508094483756
  y: 80.0
  z: 1420.2641942024948
  yaw: -48.06474
  pitch: 22.949955
