timestamps:
  login: 1336514435609
  lastteleport: 1336514458643
  logout: 1336515087383
ipAddress: 173.57.90.233
lastlocation:
  world: world
  x: 3859.2535965931597
  y: 70.0
  z: 322.7711076777848
  yaw: 99.095474
  pitch: -21.749788
money: 297.0
