timestamps:
  login: 1336498978044
  lastteleport: 1336483941631
  logout: 1336498978866
ipAddress: 89.253.87.76
lastlocation:
  world: world
  x: 3860.4148991423594
  y: 71.0
  z: 320.1723677838303
  yaw: 195.39742
  pitch: -2.6877515
