timestamps:
  login: 1338678429676
  logout: 1338678563043
ipAddress: 69.7.250.62
lastlocation:
  world: world
  x: 2275.7020720207047
  y: 63.0
  z: 1315.6909643594872
  yaw: 350.38516
  pitch: 15.000001
