timestamps:
  login: 1335482984142
  logout: 1335483087363
ipAddress: 98.235.66.123
lastlocation:
  world: world
  x: 793.7047053920954
  y: 67.0
  z: -1996.9287500466683
  yaw: 265.45526
  pitch: 20.66217
