timestamps:
  login: 1338107443716
  logout: 1338107521690
ipAddress: 204.237.61.226
lastlocation:
  world: world
  x: -83.63907780624798
  y: 95.5
  z: 377.1300029399324
  yaw: 107.806244
  pitch: 37.72015
