timestamps:
  login: 1336524132095
  lastteleport: 1336524514992
  logout: 1336524808182
ipAddress: 108.64.20.22
lastlocation:
  world: world
  x: 3858.9484698346873
  y: 71.0
  z: 320.2210339504365
  yaw: 146.94528
  pitch: -8.700011
