timestamps:
  login: 1336698607354
  lastteleport: 1336684071608
  logout: 1336698618314
ipAddress: 76.231.137.223
lastlocation:
  world: world
  x: 1620.595263260088
  y: 59.0
  z: 2066.699999988079
  yaw: -248.34937
  pitch: 34.511147
homes:
  home:
    world: world
    x: 1580.2748164077568
    y: 64.0
    z: 2134.167348166113
    yaw: -290.6111
    pitch: -15.676785
money: 5325.0
