timestamps:
  login: 1338382175888
  logout: 1338382181637
  lastteleport: 1335927610913
ipAddress: 97.87.178.106
lastlocation:
  world: world
  x: -45.5
  y: 77.0
  z: 436.5
  yaw: -83.55015
  pitch: 4.649952
