timestamps:
  login: 1336514253750
  lastteleport: 1336513969814
  logout: 1336514257383
ipAddress: 74.137.67.124
lastlocation:
  world: world
  x: 3891.5
  y: 64.0
  z: 370.5
  yaw: 136.59544
  pitch: 20.100214
ban:
  reason: SPAMSPAMSPAM
