timestamps:
  login: 1333928490493
  lastteleport: 1333928563295
  logout: 1333928570133
ipAddress: 24.189.76.34
lastlocation:
  world: world
  x: 375.45669872838835
  y: 90.0
  z: 984.5324759537087
  yaw: -178.07104
  pitch: 10.349975
