timestamps:
  login: 1340515662138
  logout: 1340519399149
ipAddress: 86.176.214.123
lastlocation:
  world: world_nether
  x: 271.30000001192093
  y: 112.0
  z: 138.63953564543718
  yaw: -295.36505
  pitch: 15.900034
