timestamps:
  login: 1333996205541
  lastteleport: 1333996424743
  logout: 1333996452021
ipAddress: 107.9.217.60
lastlocation:
  world: world
  x: 403.820742464972
  y: 64.0
  z: 137.5351740822386
  yaw: -187.70764
  pitch: 2.5494432
