timestamps:
  login: 1335731088918
  logout: 1335731096270
  lastteleport: 1335570431783
ipAddress: 24.141.193.154
lastlocation:
  world: world
  x: 3890.6904743199516
  y: 64.0
  z: 370.01077659588685
  yaw: 156.99544
  pitch: 35.100212
