timestamps:
  login: 1333997030806
  lastteleport: 1333997001907
  logout: 1333997098494
ipAddress: 81.153.234.31
lastlocation:
  world: world
  x: 403.0043915327246
  y: 68.0
  z: 173.5220353127299
  yaw: -173.58449
  pitch: 22.897732
