timestamps:
  login: 1335554272860
  lastteleport: 1335554311319
  logout: 1335554324526
ipAddress: 69.134.23.40
lastlocation:
  world: world
  x: 3864.5557621096127
  y: 64.0
  z: 331.7800911782503
  yaw: -211.25456
  pitch: 10.650193
