timestamps:
  login: 1340595570150
  lastteleport: 1340596836600
  logout: 1340596910482
ipAddress: 68.1.86.12
lastlocation:
  world: world
  x: 93.00053195608784
  y: 65.0
  z: 620.0383383407731
  yaw: 144.3
  pitch: 23.999994
