timestamps:
  login: 1334955523855
  lastteleport: 1334956013406
  logout: 1334956049486
ipAddress: 174.92.51.236
lastlocation:
  world: world
  x: 3107.374677745556
  y: 80.0
  z: 1415.661238409157
  yaw: -356.91418
  pitch: 13.199985
money: 284.0
