timestamps:
  login: 1338189655496
  lastteleport: 1337739592978
  logout: 1338189775586
ipAddress: 207.81.163.165
lastlocation:
  world: world
  x: 124.98869109299002
  y: 68.0
  z: 599.7073666701913
  yaw: -250.65234
  pitch: 45.374893
