timestamps:
  login: 1336802571934
  lastteleport: 1336310907664
  logout: 1336427650875
ipAddress: 2.126.43.248
lastlocation:
  world: world
  x: 3975.5593290600564
  y: 7.966368041641223
  z: 981.4809377738744
  yaw: 257.05112
  pitch: 84.44999
homes:
  home:
    world: world
    x: 3975.80859710408
    y: 56.0
    z: 1013.6272025348741
    yaw: 250.29774
    pitch: 23.250011
