timestamps:
  login: 1337760200251
  logout: 1336263369123
  lastteleport: 1337760219248
ipAddress: 71.176.16.88
lastlocation:
  world: world
  x: -13.594478451498683
  y: 74.0
  z: 393.93713159226274
  yaw: -135.45007
  pitch: 12.449955
