timestamps:
  login: 1336499289899
  lastteleport: 1336499454576
  logout: 1336499508915
ipAddress: 75.149.46.169
lastlocation:
  world: world
  x: 3879.9357350884284
  y: 64.0
  z: 354.8125555032847
  yaw: 159.84546
  pitch: 20.10021
