timestamps:
  login: 1334608102622
  lastteleport: 1334599296255
  logout: 1334608106060
ipAddress: 82.44.117.182
lastlocation:
  world: world
  x: 1499.9337821564131
  y: 70.0
  z: 176.86319488344742
  yaw: 297.42252
  pitch: 3.1434495
