timestamps:
  login: 1335050158560
  lastteleport: 1335050277526
  logout: 1335050514761
ipAddress: 184.61.71.158
lastlocation:
  world: world
  x: 3106.59001393622
  y: 72.0
  z: 1504.2349428014863
  yaw: -264.06384
  pitch: 8.3999815
money: 299.0
