timestamps:
  login: 1340580801374
  logout: 1340580910148
ipAddress: 76.194.216.182
lastlocation:
  world: world
  x: -73.21156368169532
  y: 74.0
  z: 480.27981215642524
  yaw: -327.6
  pitch: 21.90001
