timestamps:
  login: 1334618272367
  lastteleport: 1334618425637
ipAddress: 50.64.0.98
lastlocation:
  world: world
  x: 1501.0397103027944
  y: 70.0
  z: 177.0950649400704
  yaw: -87.327995
  pitch: 4.4934344
