timestamps:
  login: 1336327295030
  lastteleport: 1336327336580
  logout: 1336327337365
ipAddress: 98.236.114.155
lastlocation:
  world: world
  x: 3499.2453829854294
  y: 105.0
  z: 1818.961478397129
  yaw: -3.032837
  pitch: 16.499989
