timestamps:
  login: 1333997905885
  logout: 1333998007507
  lastteleport: 1333996469652
ipAddress: 95.144.121.133
lastlocation:
  world: world
  x: 381.77682486463755
  y: 64.0
  z: 147.653747374585
  yaw: -127.822495
  pitch: 2.549717
