timestamps:
  login: 1338204485117
  logout: 1338204640917
  lastteleport: 1338204556581
ipAddress: 76.29.236.24
lastlocation:
  world: world
  x: -130.02141918853366
  y: 77.0
  z: 346.98134115633826
  yaw: -223.89809
  pitch: 2.050253
