timestamps:
  login: 1336501761193
  lastteleport: 1336502207540
  logout: 1336502215885
ipAddress: 159.205.83.245
lastlocation:
  world: world
  x: 3923.300000011921
  y: 76.0
  z: 344.69999998807907
  yaw: 84.30081
  pitch: 51.21403
