timestamps:
  login: 1333991265110
  lastteleport: 1333991291577
  logout: 1333991941629
ipAddress: 86.136.172.23
lastlocation:
  world: world
  x: 402.82658133618327
  y: 68.0
  z: 164.77437285974986
  yaw: -187.8453
  pitch: 37.724133
