timestamps:
  login: 1333997878590
  lastteleport: 1333997989748
  logout: 1333998052651
ipAddress: 83.233.27.221
lastlocation:
  world: world
  x: 224.06353632485013
  y: 66.0
  z: 765.9036373054746
  yaw: 342.4297
  pitch: -5.6999536
money: 50.0
