timestamps:
  login: 1334094092716
  lastteleport: 1334094330902
  logout: 1334094346079
ipAddress: 76.184.78.202
lastlocation:
  world: world
  x: 403.3804634085421
  y: 68.0
  z: 196.6275665194099
  yaw: -175.67249
  pitch: 24.299732
money: 200.0
