timestamps:
  login: 1341068168216
  lastteleport: 1341068017063
  logout: 1341068190226
ipAddress: 71.53.16.160
lastlocation:
  world: world
  x: -73.41215140700139
  y: 74.0
  z: 418.9200464405727
  yaw: 124.19991
  pitch: 61.65003
