timestamps:
  login: 1335305593713
  lastteleport: 1335305640409
  logout: 1335305647599
ipAddress: 67.240.126.0
lastlocation:
  world: world
  x: 763.1245115536764
  y: 67.0
  z: -2018.4001045739994
  yaw: 88.9533
  pitch: 22.41161
