timestamps:
  login: 1334224562564
  lastteleport: 1334081343774
  logout: 1334224568635
ipAddress: 82.21.20.130
lastlocation:
  world: world
  x: 404.0743987720916
  y: 68.0
  z: 194.19572773800954
  yaw: -124.372375
  pitch: 30.599993
money: 30.0
