timestamps:
  login: 1336986623237
  logout: 1336986937507
  lastteleport: 1336986676966
ipAddress: 99.174.237.28
lastlocation:
  world: world
  x: 757.448412901819
  y: 50.0
  z: -935.6796045419856
  yaw: -150.14998
  pitch: -26.249998
