timestamps:
  login: 1335728537821
  logout: 1335728539562
  lastteleport: 1335616779671
ipAddress: 79.74.82.114
lastlocation:
  world: world
  x: 3891.508474926667
  y: 64.0
  z: 370.32513056988256
  yaw: 136.59544
  pitch: 20.100214
