timestamps:
  login: 1340757170956
  lastteleport: 1340744678746
  logout: 1340757202633
ipAddress: 71.253.246.243
lastlocation:
  world: world
  x: -7.91712477997836
  y: 74.5
  z: 433.40873385471696
  yaw: -39.9002
  pitch: -22.800009
