timestamps:
  login: 1334964700774
  logout: 1334964813489
  lastteleport: 1334964791805
ipAddress: 99.54.89.113
lastlocation:
  world: world
  x: 3500.0927053288865
  y: 105.0
  z: 1817.699999988079
  yaw: 158.77637
  pitch: 27.82035
