timestamps:
  login: 1334005372820
  lastteleport: 1334005877110
  logout: 1334006210758
ipAddress: 65.190.144.117
lastlocation:
  world: world
  x: 403.16574935417736
  y: 68.0
  z: 175.16521851340968
  yaw: -178.37244
  pitch: 11.8497305
