timestamps:
  login: 1337812898650
  logout: 1337813140236
  lastteleport: 1337813080632
ipAddress: 67.170.97.21
lastlocation:
  world: world
  x: -30.07147605481738
  y: 77.5
  z: 386.2460285736232
  yaw: 195.75047
  pitch: 22.416014
money: 75.0
