timestamps:
  login: 1336963611293
  lastteleport: 1336963619640
  logout: 1336963688529
ipAddress: 71.201.158.187
lastlocation:
  world: world
  x: 4715.051234513916
  y: 69.0
  z: 2199.946577905766
  yaw: 279.61685
  pitch: 10.445246
