timestamps:
  login: 1334375866863
  lastteleport: 1334377347576
  logout: 1334377365362
ipAddress: 174.107.244.173
lastlocation:
  world: world
  x: 403.3804634085421
  y: 68.0
  z: 196.6275665194099
  yaw: 115.162506
  pitch: 89.176605
