timestamps:
  login: 1334026647401
  logout: 1334025755394
  lastteleport: 1334002825606
ipAddress: 173.218.40.92
lastlocation:
  world: world
  x: 404.12562169929186
  y: 67.0
  z: 119.07499998807907
  yaw: 178.32628
  pitch: 8.69998
