timestamps:
  login: 1333989917500
  lastteleport: 1333988089126
  logout: 1333990212912
ipAddress: 173.48.232.139
lastlocation:
  world: world
  x: 403.0454005362063
  y: 64.0
  z: 144.2325794298737
  yaw: -159.47246
  pitch: 14.699725
