timestamps:
  login: 1338665069187
  lastteleport: 1338664708633
  logout: 1338665304863
ipAddress: 60.229.74.216
lastlocation:
  world: world
  x: 98.70004893227787
  y: 69.0
  z: 763.7522808893729
  yaw: 319.19226
  pitch: 1.2681984
