timestamps:
  login: 1334358481152
  logout: 1334358700758
  lastteleport: 1334358489555
ipAddress: 24.34.53.181
lastlocation:
  world: world
  x: 403.71105713903154
  y: 64.0
  z: 144.77271330669015
  yaw: 174.27766
  pitch: 19.799725
