timestamps:
  login: 1333937375263
  lastteleport: 1333935889849
  logout: 1333937444105
ipAddress: 99.251.76.225
lastlocation:
  world: world
  x: 368.4443646416593
  y: 82.0
  z: 981.9108654768744
  yaw: -254.27107
  pitch: 14.699975
homes:
  home:
    world: world
    x: 288.60349854412556
    y: 83.0
    z: 583.3646723241853
    yaw: 193.94165
    pitch: 44.399887
ban:
  reason: dick did randy send u?
