timestamps:
  login: 1336247365399
  lastteleport: 1336248414508
  logout: 1336248539530
ipAddress: 174.91.60.244
lastlocation:
  world: world
  x: 3887.7016822342966
  y: 64.0
  z: 363.53974448740985
  yaw: 125.34541
  pitch: 6.1502166
money: 900.0
