timestamps:
  login: 1341106558747
  logout: 1341106562342
ipAddress: 97.101.1.72
lastlocation:
  world: world
  x: -81.23010082916097
  y: 74.5
  z: 381.87244560294045
  yaw: 100.799736
  pitch: 44.99999
