timestamps:
  login: 1335052636234
  logout: 1335053438903
  lastteleport: 1335052927728
ipAddress: 71.58.12.165
lastlocation:
  world: world
  x: 3592.300000011921
  y: 75.0
  z: 1862.8499416068946
  yaw: -245.02794
  pitch: -1.7999994
