timestamps:
  login: 1336905058954
  lastteleport: 1336599324692
  logout: 1336905062342
ipAddress: 67.6.96.188
lastlocation:
  world: world
  x: 3597.679992885612
  y: 70.0
  z: 1726.6646599351557
  yaw: -187.86719
  pitch: 2.506754
