timestamps:
  login: 1333997768795
  logout: 1333999060980
  lastteleport: 1333998846408
ipAddress: 174.98.122.255
lastlocation:
  world: world
  x: 284.69999998807907
  y: 74.0
  z: 682.4099079365009
  yaw: 122.65207
  pitch: 6.412289
money: 200.0
