timestamps:
  login: 1338680067115
  logout: 1338680153178
  lastteleport: 1338611617679
ipAddress: 65.5.172.201
lastlocation:
  world: world
  x: -58.850616279193154
  y: 77.5
  z: 430.1827320873843
  yaw: -101.55316
  pitch: 19.949965
