timestamps:
  login: 1335405966665
  logout: 1335406731151
  lastteleport: 1335406240466
ipAddress: 98.220.149.30
lastlocation:
  world: world
  x: 3491.5
  y: 105.0
  z: 1843.5
  yaw: -6.153595
  pitch: 12.656187
