timestamps:
  login: 1338287690947
  lastteleport: 1336906715654
  logout: 1338287713985
ipAddress: 24.51.169.163
lastlocation:
  world: world
  x: -90.25248544039766
  y: 77.5
  z: 490.75484119155783
  yaw: 40.94969
  pitch: 47.180515
money: 330.0
