timestamps:
  login: 1338200039540
  lastteleport: 1338201086479
  logout: 1338201320433
ipAddress: 75.21.156.126
lastlocation:
  world: world_nether
  x: 258.8175276874434
  y: 85.0
  z: 111.71602878519963
  yaw: 84.565765
  pitch: 19.050062
homes:
  home:
    world: world_nether
    x: 261.68478229334835
    y: 85.0
    z: 112.66347796149027
    yaw: 76.91621
    pitch: 21.449999
