timestamps:
  login: 1334939718059
  lastteleport: 1334939724482
  logout: 1334939748273
ipAddress: 109.78.7.9
lastlocation:
  world: world
  x: 3108.2528772644496
  y: 80.0
  z: 1414.7471227355516
  yaw: -334.2642
  pitch: -7.5000157
