timestamps:
  login: 1336511711029
  lastteleport: 1336513568460
  logout: 1336513647533
ipAddress: 74.137.174.221
lastlocation:
  world: world
  x: 930.6999999880791
  y: 62.0
  z: -1336.300000011921
  yaw: -270.9015
  pitch: 23.549995
money: 200.0
