timestamps:
  login: 1340039873177
  logout: 1340039879223
ipAddress: 69.113.130.68
lastlocation:
  world: world
  x: -28.51712537659643
  y: 78.5
  z: 430.9515159475927
  yaw: -68.250015
  pitch: 11.699989
