timestamps:
  login: 1336617095890
  lastteleport: 1336617120502
  logout: 1336617160096
ipAddress: 75.132.131.10
lastlocation:
  world: world
  x: 3143.6078336289943
  y: 62.0
  z: 436.0080582347077
  yaw: -206.88388
  pitch: 6.1499324
