timestamps:
  login: 1336156594878
  lastteleport: 1336157137048
  logout: 1336157192143
ipAddress: 76.95.60.138
lastlocation:
  world: world
  x: 3306.98219417673
  y: 66.0
  z: 1684.967158907961
  yaw: -304.28015
  pitch: 12.600008
