timestamps:
  login: 1338681384825
  logout: 1338681394671
  lastteleport: 1338673803697
ipAddress: 78.26.31.10
lastlocation:
  world: world
  x: 15.672577552401261
  y: 62.0
  z: -580.8213223446712
  yaw: -91.21875
  pitch: 11.336864
money: 131.0
ban:
  reason: Temporarily banned from server for  1 day 10 hours 11 minutes 38 seconds
  timeout: 0
