timestamps:
  login: 1340538794664
  logout: 1340538834657
ipAddress: 94.169.49.181
lastlocation:
  world: world
  x: -46.883605014872316
  y: 77.0
  z: 428.02738990906346
  yaw: -184.91489
  pitch: 15.172783
