timestamps:
  login: 1340910316812
  logout: 1340911285469
  lastteleport: 1340910740482
ipAddress: 100.43.106.190
lastlocation:
  world: world
  x: 529.8609610520396
  y: 86.0
  z: 754.198368012354
  yaw: -177.59894
  pitch: 27.300297
