timestamps:
  login: 1335815963238
  logout: 1335816876423
  lastteleport: 1335816752483
ipAddress: 98.216.139.7
lastlocation:
  world: world
  x: 3891.508474926667
  y: 64.0
  z: 370.32513056988256
  yaw: 136.59544
  pitch: 20.100214
