timestamps:
  login: 1335400270646
  logout: 1335401950983
  lastteleport: 1335401913995
ipAddress: 75.134.129.60
lastlocation:
  world: world
  x: 1362.2510111229453
  y: 64.0
  z: -2483.329842967417
  yaw: 83.70584
  pitch: 9.192962
ban:
  reason: Grief
