timestamps:
  login: 1338277483705
  logout: 1338277485758
ipAddress: 216.137.246.58
lastlocation:
  world: world
  x: -46.58383783804116
  y: 80.0
  z: 428.1681684383248
  yaw: -20.64813
  pitch: 17.950254
