timestamps:
  login: 1336444249397
  logout: 1336444942123
  lastteleport: 1336444680031
ipAddress: 108.230.106.10
lastlocation:
  world: world
  x: 645.4274034063499
  y: 56.0
  z: -1156.5491008089552
  yaw: -140.40047
  pitch: 7.500045
money: 432.0
