timestamps:
  login: 1334358716874
  lastteleport: 1334358755622
  logout: 1334358840758
ipAddress: 75.88.208.69
lastlocation:
  world: world
  x: 401.92500001192093
  y: 68.0
  z: 163.03908230901504
  yaw: -175.14816
  pitch: 27.406885
