timestamps:
  login: 1337297264207
  lastteleport: 1337297317898
  logout: 1337297448141
ipAddress: 86.143.241.16
lastlocation:
  world: world
  x: -46.7030840241402
  y: 74.0
  z: 437.55270527704863
  yaw: 167.84962
  pitch: -3.1500573
homes:
  home:
    world: world
    x: 944.739019894088
    y: 63.0
    z: 2872.210607562453
    yaw: -202.98181
    pitch: 4.4999533
