timestamps:
  login: 1335315659975
  lastteleport: 1335309945413
  logout: 1335315867753
ipAddress: 216.197.189.49
lastlocation:
  world: world
  x: 3820.990506820874
  y: 69.0
  z: 2580.8192883172205
  yaw: -128.55042
  pitch: 31.800026
