timestamps:
  login: 1337921425472
  lastteleport: 1337204325477
  logout: 1337363551365
ipAddress: 80.217.82.127
lastlocation:
  world: world
  x: -18.068778955124753
  y: 74.0
  z: 453.1150183212554
  yaw: 125.099846
  pitch: 2.6999502
