timestamps:
  login: 1341088273618
  lastteleport: 1341073411274
  logout: 1341088315177
ipAddress: 76.67.100.81
lastlocation:
  world: world
  x: -180.10598871937347
  y: 72.0
  z: -87.59850842318374
  yaw: 116.44714
  pitch: 17.615627
