timestamps:
  login: 1338541231529
  logout: 1338541498574
  lastteleport: 1338175326930
ipAddress: 76.247.218.125
lastlocation:
  world: world
  x: -112.64887809897789
  y: 77.0
  z: 428.3273427010607
  yaw: -105.24701
  pitch: 11.099966
