timestamps:
  login: 1336062946971
  lastteleport: 1336062960620
  logout: 1336062984612
ipAddress: 108.8.24.14
lastlocation:
  world: world
  x: 3883.2333426328864
  y: 64.0
  z: 362.1536734239394
  yaw: -217.10463
  pitch: 20.250212
