timestamps:
  login: 1335283364117
  lastteleport: 1335214328904
  logout: 1335283377838
ipAddress: 109.149.18.180
lastlocation:
  world: world
  x: 3512.423981768721
  y: 107.0
  z: 1843.3519130543693
  yaw: -71.62802
  pitch: 16.786547
money: 299.0
