timestamps:
  login: 1339988210870
  logout: 1339988333559
ipAddress: 74.103.133.107
lastlocation:
  world: world
  x: 219.40221788357385
  y: 63.0
  z: 517.6296592171574
  yaw: 168.45012
  pitch: 17.249989
