timestamps:
  login: 1340676782248
  logout: 1340677324656
ipAddress: 71.238.172.242
lastlocation:
  world: world
  x: -149.87597196645538
  y: 74.0
  z: 531.5943257784429
  yaw: 50.400635
  pitch: 23.399998
