timestamps:
  login: 1336431043862
  lastteleport: 1336431713545
  logout: 1336431719499
ipAddress: 173.26.21.200
lastlocation:
  world: world
  x: 3732.619899387549
  y: 72.0
  z: 381.06797064983886
  yaw: 283.61975
  pitch: 28.10471
