timestamps:
  login: 1335208827745
  lastteleport: 1335209201172
  logout: 1335209301563
ipAddress: 187.107.58.143
lastlocation:
  world: world
  x: 1842.6319308631018
  y: 63.0
  z: -676.0295381900602
  yaw: -97.564514
  pitch: 11.249988
