timestamps:
  login: 1334514206374
  lastteleport: 1334507944945
  logout: 1334514213715
ipAddress: 2.126.89.9
lastlocation:
  world: world
  x: 1490.441336157008
  y: 70.0
  z: 192.42717831939123
  yaw: 165.42194
  pitch: 16.050022
