timestamps:
  login: 1335043105658
  lastteleport: 1335042777204
  logout: 1335043106635
ipAddress: 99.96.122.177
lastlocation:
  world: world
  x: 3054.8878790609874
  y: 62.0
  z: 1476.589750712392
  yaw: -162.66466
  pitch: 10.650006
