timestamps:
  login: 1334614148991
  lastteleport: 1334518946186
  logout: 1334614153642
ipAddress: 99.180.103.150
lastlocation:
  world: world
  x: 1490.4448704453744
  y: 70.0
  z: 191.4561076947475
  yaw: -314.71735
  pitch: -4.2435265
