timestamps:
  login: 1335131227864
  lastteleport: 1335131253867
  logout: 1335131308826
ipAddress: 69.152.206.187
lastlocation:
  world: world
  x: 3255.300000011921
  y: 54.0
  z: 1787.699999988079
  yaw: 204.97006
  pitch: -28.513428
