timestamps:
  login: 1336357662360
  lastteleport: 1336357098709
  logout: 1336357699803
ipAddress: 67.187.144.214
lastlocation:
  world: world
  x: 3888.3154204679895
  y: 64.0
  z: 367.7673291970422
  yaw: 133.29547
  pitch: 26.850214
