timestamps:
  login: 1335211718933
  logout: 1335212151139
  lastteleport: 1335211995397
ipAddress: 46.254.248.121
lastlocation:
  world: world
  x: 765.4026107814539
  y: 67.0
  z: -2015.906978589029
  yaw: 153.3241
  pitch: 26.400015
money: 299.0
