timestamps:
  login: 1340580448328
  logout: 1340580460197
ipAddress: 173.87.169.100
lastlocation:
  world: world
  x: -22.63392125927018
  y: 74.0
  z: 462.6523645801718
  yaw: 20.034405
  pitch: 29.174397
