timestamps:
  login: 1337234451349
  logout: 1337234462139
  lastteleport: 1337177206276
ipAddress: 108.81.169.0
lastlocation:
  world: world
  x: -44.92771154847132
  y: 77.0
  z: 427.0958057537133
  yaw: 56.888817
  pitch: -3.9728003
