timestamps:
  login: 1334102138973
  lastteleport: 1334110397489
  logout: 1334110904877
ipAddress: 81.108.155.59
lastlocation:
  world: world
  x: -167.51223657478042
  y: 64.0
  z: 1146.5477589892907
  yaw: 64.93222
  pitch: 26.736017
money: 20.0
