timestamps:
  login: 1334001584277
  lastteleport: 1334001877940
  logout: 1334001973321
ipAddress: 88.104.180.39
lastlocation:
  world: world
  x: 403.29698946611404
  y: 64.0
  z: 160.3265487386417
  yaw: -180.32253
  pitch: 37.949734
