timestamps:
  login: 1340924631898
  lastteleport: 1340901106099
  logout: 1340924680469
ipAddress: 23.28.13.176
lastlocation:
  world: world
  x: -113.19592834125667
  y: 74.0
  z: 358.7664388352102
  yaw: 134.20648
  pitch: 7.4958444
