timestamps:
  login: 1335045489274
  logout: 1335047625654
  lastteleport: 1335047248644
ipAddress: 67.177.26.126
lastlocation:
  world: world
  x: 3105.6815117541273
  y: 80.0
  z: 1467.5943921717414
  yaw: -22.714172
  pitch: 7.79998
money: 298.0
