timestamps:
  login: 1339733428088
  logout: 1339733620072
ipAddress: 96.241.113.106
lastlocation:
  world: world
  x: 134.69999998807907
  y: 42.41999998688698
  z: 409.04077782822367
  yaw: -71.77814
  pitch: -2.3123195
