timestamps:
  login: 1340936562058
  lastteleport: 1340934405550
  logout: 1340938540977
ipAddress: 76.255.104.190
lastlocation:
  world: world
  x: 579.5202179933833
  y: 69.0
  z: 715.9771789478306
  yaw: -169.00053
  pitch: 45.9783
