timestamps:
  login: 1336674767973
  lastteleport: 1336675580327
  logout: 1336675675770
ipAddress: 217.28.1.224
lastlocation:
  world: world
  x: 3834.300000011921
  y: 71.0
  z: 290.6999999880791
  yaw: 288.09338
  pitch: -48.75002
money: 75.0
