timestamps:
  login: 1335209131603
  lastteleport: 1335209156072
ipAddress: 86.16.62.157
lastlocation:
  world: world
  x: 766.5651949039457
  y: 67.0
  z: -2015.838459972299
  yaw: 153.62411
  pitch: 17.250042
