timestamps:
  login: 1340781168561
  logout: 1340781181820
ipAddress: 184.163.1.129
lastlocation:
  world: world
  x: -45.5
  y: 77.0
  z: 426.5
  yaw: -7.457975
  pitch: 30.243212
