timestamps:
  login: 1333930053492
  lastteleport: 1333930170433
  logout: 1333930428317
ipAddress: 71.131.180.113
lastlocation:
  world: world
  x: 433.145040803471
  y: 66.0
  z: 983.8736696464861
  yaw: -340.02158
  pitch: 77.69153
