timestamps:
  login: 1336143625257
  lastteleport: 1336140268055
  logout: 1336143634650
ipAddress: 83.83.203.204
lastlocation:
  world: world
  x: 718.3000000119209
  y: 57.0
  z: -1862.2376921549182
  yaw: 1.5245274
  pitch: 49.80002
