timestamps:
  login: 1333925707217
  lastteleport: 1333926000377
ipAddress: 108.36.109.94
lastlocation:
  world: world
  x: 380.31931135793656
  y: 66.0
  z: 927.5127218908066
  yaw: 278.22882
  pitch: 59.84996
