timestamps:
  login: 1334102118665
  lastteleport: 1334102538757
  logout: 1334102564692
ipAddress: 70.138.80.157
lastlocation:
  world: world
  x: 403.0312437531373
  y: 66.5
  z: 133.05855333178152
  yaw: -178.0585
  pitch: 2.852049
money: 50.0
