timestamps:
  login: 1333937047766
  lastteleport: 1333936815096
  logout: 1333937053455
ipAddress: 99.129.41.9
lastlocation:
  world: world
  x: 391.22334795555975
  y: 82.0
  z: 956.1732830169367
  yaw: -124.82735
  pitch: 13.012158
