timestamps:
  login: 1334880941299
  lastteleport: 1334455743211
  logout: 1334880950259
ipAddress: 108.131.74.119
lastlocation:
  world: world
  x: 1492.4079405750047
  y: 70.0
  z: 195.2342627750648
  yaw: -225.02802
  pitch: -0.60657036
godmode: false
