timestamps:
  login: 1334806849013
  lastteleport: 1334806699857
  logout: 1334807467460
ipAddress: 70.79.190.222
lastlocation:
  world: world
  x: 1507.4739824386586
  y: 84.0
  z: -197.11337177907984
  yaw: -272.6904
  pitch: -10.783426
