timestamps:
  login: 1338180593891
  logout: 1338181163243
ipAddress: 107.3.41.186
lastlocation:
  world: world
  x: -79.81072549037887
  y: 77.0
  z: 398.556677724095
  yaw: 200.60144
  pitch: -25.349985
