timestamps:
  login: 1335800119502
  lastteleport: 1335734031935
  logout: 1335800127132
ipAddress: 78.147.209.87
lastlocation:
  world: world
  x: 3860.5478229552127
  y: 67.0
  z: 326.4243051599009
  yaw: 140.64545
  pitch: -4.349784
