timestamps:
  login: 1334544861296
  lastteleport: 1334544877723
  logout: 1334544878189
  mute: 0
ipAddress: 96.227.243.158
lastlocation:
  world: world
  x: 1488.5
  y: 70.0
  z: 194.5
  yaw: -176.12802
  pitch: -10.206571
muted: true
