timestamps:
  login: 1338433615131
  lastteleport: 1338316336553
  logout: 1338433886193
ipAddress: 88.90.166.91
lastlocation:
  world: world
  x: 7.389659506280724
  y: 77.0
  z: 486.3905088864045
  yaw: -44.396637
  pitch: 13.741446
