timestamps:
  login: 1338254610476
  logout: 1338254651492
ipAddress: 69.254.251.55
lastlocation:
  world: world
  x: 89.66729093880596
  y: 67.0
  z: 626.5339883599203
  yaw: 168.91771
  pitch: 48.56879
