timestamps:
  login: 1334510042577
  logout: 1334510104683
ipAddress: 86.21.209.140
lastlocation:
  world: world
  x: 1497.5
  y: 70.02739540713331
  z: 187.5
  yaw: -2.574552
  pitch: -1.9029299
