timestamps:
  login: 1336483727578
  lastteleport: 1336483822175
  logout: 1336483990030
ipAddress: 84.86.252.135
lastlocation:
  world: world
  x: 3863.699999988079
  y: 72.0
  z: 320.19454553581636
  yaw: -85.10466
  pitch: 0.30020058
