timestamps:
  login: 1334065174032
  lastteleport: 1334065308479
  logout: 1334065369520
ipAddress: 109.78.224.124
lastlocation:
  world: world
  x: 403.70695637820756
  y: 68.0
  z: 167.94093136357938
  yaw: -182.12247
  pitch: 29.099724
