timestamps:
  login: 1334890139704
  logout: 1334890708967
  lastteleport: 1334890652028
ipAddress: 76.94.94.3
lastlocation:
  world: world
  x: 1507.2234816176401
  y: 90.0
  z: -192.01435454384873
  yaw: -87.18182
  pitch: 12.843426
money: 0.0
