timestamps:
  login: 1338669599131
  logout: 1338669604001
ipAddress: 92.14.22.127
lastlocation:
  world: world
  x: -48.5
  y: 80.0
  z: 428.5
  yaw: 357.68866
  pitch: 15.262237
