timestamps:
  login: 1335747673003
  lastteleport: 1335749572793
  logout: 1335751353588
ipAddress: 70.67.157.46
lastlocation:
  world: world
  x: 3479.265040628212
  y: 62.0
  z: -994.4038916341033
  yaw: 217.52008
  pitch: 56.400013
