timestamps:
  login: 1337517340214
  lastteleport: 1337517479059
  logout: 1337517600336
ipAddress: 98.224.115.47
lastlocation:
  world: world
  x: -146.70158907077752
  y: 74.0
  z: 323.42400073199497
  yaw: -213.52602
  pitch: 14.082598
homes:
  home:
    world: world
    x: 1656.9155077202283
    y: 12.0
    z: 5844.896572942263
    yaw: 328.12842
    pitch: 15.529417
