timestamps:
  login: 1333987785180
  lastteleport: 1333988201061
  logout: 1333988294935
ipAddress: 83.100.237.10
lastlocation:
  world: world
  x: 391.6993572314308
  y: 63.0
  z: 903.0510089558318
  yaw: -234.6892
  pitch: 14.24912
