timestamps:
  login: 1335916309528
  logout: 1335916903079
  lastteleport: 1335916582835
ipAddress: 24.27.110.39
lastlocation:
  world: world
  x: 3986.3881176187506
  y: 50.0
  z: 462.30000001192093
  yaw: 149.04517
  pitch: 81.14998
