timestamps:
  login: 1336208904167
  lastteleport: 1335807479857
  logout: 1336208904999
ipAddress: 212.233.53.18
lastlocation:
  world: world
  x: 3859.5195690771625
  y: 71.0
  z: 321.02499293912746
  yaw: -183.74208
  pitch: -0.458174
