timestamps:
  login: 1337573421633
  lastteleport: 1337573952110
  logout: 1337574036956
ipAddress: 108.66.178.44
lastlocation:
  world: world
  x: 2909.6959350328225
  y: 64.0
  z: 2862.6273779098583
  yaw: 61.42259
  pitch: 17.399994
homes:
  home:
    world: world
    x: 2973.5
    y: 64.0
    z: 2872.5
    yaw: 71.47266
    pitch: -0.48139313
money: 0.0
nickname: Dare
