timestamps:
  login: 1334005200918
  lastteleport: 1334006337726
  logout: 1334006392944
ipAddress: 75.64.62.23
lastlocation:
  world: world
  x: 403.5187322128015
  y: 64.0
  z: 148.39030357503182
  yaw: -177.62251
  pitch: 18.449736
money: 30.0
