timestamps:
  login: 1334084289920
  lastteleport: 1334084338069
  logout: 1334084418351
ipAddress: 87.6.171.102
lastlocation:
  world: world
  x: 402.80463544906684
  y: 68.0
  z: 167.13600757031506
  yaw: -166.07251
  pitch: 32.54973
