timestamps:
  login: 1336062843524
  lastteleport: 1336063219570
  logout: 1336063304662
ipAddress: 92.237.73.181
lastlocation:
  world: world_the_end
  x: 15.481675002406725
  y: 59.0
  z: -13.371725016847103
  yaw: 33.480286
  pitch: 6.2284546
