timestamps:
  login: 1334000885835
  lastteleport: 1334001728597
  logout: 1334001732460
ipAddress: 72.173.101.119
lastlocation:
  world: world
  x: 403.52262671633315
  y: 68.0
  z: 192.29183572568868
  yaw: -170.42247
  pitch: 32.249733
money: 30.0
