timestamps:
  login: 1334003009932
  lastteleport: 1334003124420
  logout: 1334003197813
ipAddress: 68.148.67.116
lastlocation:
  world: world
  x: 403.5145740837446
  y: 64.0
  z: 143.48060067633895
  yaw: -354.77203
  pitch: 21.449728
