timestamps:
  login: 1335047926130
  logout: 1335048045715
  lastteleport: 1335047452715
ipAddress: 76.178.126.64
lastlocation:
  world: world
  x: 3071.6074334163322
  y: 62.0
  z: 1445.841173948859
  yaw: -242.03558
  pitch: 22.365965
