timestamps:
  login: 1338358773047
  lastteleport: 1337822257003
  logout: 1338359020865
ipAddress: 142.167.73.235
lastlocation:
  world: world
  x: 31.699999988079078
  y: 77.0
  z: 435.69999998807907
  yaw: -244.78558
  pitch: 5.755438
