timestamps:
  login: 1335558635653
  lastteleport: 1335559081739
  logout: 1335559515001
ipAddress: 70.169.69.157
lastlocation:
  world: world
  x: 699.6999999880791
  y: 60.0
  z: -1892.2955184762925
  yaw: -85.02555
  pitch: -47.55006
