timestamps:
  login: 1341109624779
  logout: 1341112855750
  lastteleport: 1341111725461
ipAddress: 68.147.152.117
lastlocation:
  world: world
  x: 560.3598094529333
  y: 9.768927996498109
  z: 847.0997961068396
  yaw: -350.56982
  pitch: 22.499996
godmode: true
