timestamps:
  login: 1335211178236
  lastteleport: 1335211722052
  logout: 1335211806134
ipAddress: 72.241.33.220
lastlocation:
  world: world
  x: 769.4686566032161
  y: 67.0
  z: -2001.802714293871
  yaw: 246.17416
  pitch: 1.6500103
money: 298.0
