timestamps:
  login: 1335867695015
  lastteleport: 1335867907263
  logout: 1335867980360
ipAddress: 124.183.199.75
lastlocation:
  world: world
  x: 3859.1459067222213
  y: 71.0
  z: 322.0164601696521
  yaw: 284.1953
  pitch: -8.249801
