timestamps:
  login: 1336237563298
  lastteleport: 1336237446492
  logout: 1336237853933
ipAddress: 213.106.34.150
lastlocation:
  world: world
  x: 3899.7741563489735
  y: 87.0
  z: 278.9200408729173
  yaw: 241.89569
  pitch: -22.200005
