timestamps:
  login: 1334401557344
  lastteleport: 1334401625598
  logout: 1334402280231
ipAddress: 81.229.119.127
lastlocation:
  world: world_nether
  x: 61.84255957217984
  y: 9.0
  z: 8.223430011693118
  yaw: -204.80237
  pitch: 29.94763
