timestamps:
  login: 1340676677397
  logout: 1340678999605
ipAddress: 216.105.223.50
lastlocation:
  world: world
  x: -44.90598376051416
  y: 81.5
  z: 423.3000000119209
  yaw: -329.23877
  pitch: 3.7809334
