timestamps:
  login: 1334002960903
  lastteleport: 1334003016459
  logout: 1334003074122
ipAddress: 92.23.51.134
lastlocation:
  world: world
  x: 403.30901452252795
  y: 67.0
  z: 120.38513163416329
  yaw: -178.93413
  pitch: 23.441917
