timestamps:
  login: 1340791171544
  logout: 1340792666503
ipAddress: 220.253.42.38
lastlocation:
  world: world
  x: -98.5631352881184
  y: 74.0
  z: 480.97047965072346
  yaw: -111.2875
  pitch: 4.2322264
