timestamps:
  login: 1334189086313
  lastteleport: 1334189134470
  logout: 1334189225457
ipAddress: 68.104.250.164
lastlocation:
  world: world
  x: 403.0567840450594
  y: 68.0
  z: 166.78037856957184
  yaw: -180.62231
  pitch: 41.39976
