timestamps:
  login: 1341077743543
  logout: 1341077745226
  lastteleport: 1340780017201
ipAddress: 86.128.224.49
lastlocation:
  world: world
  x: -18.18151457143459
  y: 74.0
  z: 399.2093237220127
  yaw: -354.75055
  pitch: 14.250044
