timestamps:
  login: 1338606923745
  logout: 1338606928397
ipAddress: 98.229.37.89
lastlocation:
  world: world
  x: -40.30254144256998
  y: 63.015625
  z: 860.6223620994298
  yaw: -111.89937
  pitch: 11.09997
