timestamps:
  login: 1338354225473
  logout: 1338354434732
ipAddress: 173.67.5.241
lastlocation:
  world: world
  x: 28.29358839032637
  y: 77.5
  z: 502.36741921430036
  yaw: 284.00162
  pitch: 17.950233
