timestamps:
  login: 1338516383348
  logout: 1338516873127
  lastteleport: 1338516435076
ipAddress: 70.113.125.196
lastlocation:
  world: world
  x: 879.1204037347723
  y: 64.0
  z: -1467.3297802163233
  yaw: -291.451
  pitch: 11.250049
