timestamps:
  login: 1335048537256
  lastteleport: 1335049290735
  logout: 1335049983646
ipAddress: 68.96.67.210
lastlocation:
  world: world
  x: 3107.820806106757
  y: 80.0
  z: 1418.6444787765158
  yaw: -8.614258
  pitch: 11.999984
money: 49.0
