timestamps:
  login: 1335723375567
  logout: 1335726624562
  lastteleport: 1335113176676
ipAddress: 71.229.221.226
lastlocation:
  world: world
  x: 2703.7483750609385
  y: 97.0
  z: 941.196560286369
  yaw: -253.88794
  pitch: 51.45
money: 10.0
