timestamps:
  login: 1334091293347
  lastteleport: 1334093432442
  logout: 1334093471079
ipAddress: 75.134.219.183
lastlocation:
  world: world
  x: 403.7372020282707
  y: 67.0
  z: 123.4042316961265
  yaw: -181.52258
  pitch: 5.249753
money: 40.0
