timestamps:
  login: 1340920796030
  lastteleport: 1340919091739
  logout: 1340921545469
ipAddress: 68.33.16.249
lastlocation:
  world: world_nether
  x: 275.6180996663033
  y: 128.0
  z: 135.80341700410514
  yaw: -114.85156
  pitch: 23.71837
ban:
  reason: ''
