timestamps:
  login: 1335406320712
  logout: 1335406456151
  lastteleport: 1335406329561
ipAddress: 205.197.253.2
lastlocation:
  world: world
  x: 3490.1898234118025
  y: 105.0
  z: 1842.6797535642925
  yaw: -215.3877
  pitch: 26.130917
