timestamps:
  login: 1335657742483
  lastteleport: 1335658039369
  logout: 1335213881093
ipAddress: 68.191.60.224
lastlocation:
  world: world
  x: 3860.868999176892
  y: 71.0
  z: 320.44793921594646
  yaw: -211.4045
  pitch: 8.4001875
money: 295.0
