timestamps:
  login: 1335694598789
  lastteleport: 1335688215633
  logout: 1335694620880
ipAddress: 138.217.246.179
lastlocation:
  world: world
  x: 103.81211162462432
  y: 36.0
  z: -100.7318409407631
  yaw: -358.09784
  pitch: 19.677279
