timestamps:
  login: 1334188939764
  lastteleport: 1334189010516
  logout: 1334189015200
ipAddress: 174.131.142.120
lastlocation:
  world: world
  x: 380.93500196259606
  y: 62.0
  z: 140.16643903113237
  yaw: -274.49835
  pitch: 19.446308
