timestamps:
  login: 1340213581541
  logout: 1340213643994
ipAddress: 71.106.68.151
lastlocation:
  world: world
  x: -47.172553035333344
  y: 74.0
  z: 388.5778897116948
  yaw: -249.71762
  pitch: 4.887249
