timestamps:
  login: 1340673116414
  lastteleport: 1340673227117
  logout: 1340673252882
ipAddress: 71.20.52.253
lastlocation:
  world: world
  x: -44.59559211091523
  y: 77.0
  z: 427.1312569080221
  yaw: -97.05001
  pitch: 19.800001
