timestamps:
  login: 1338446745176
  logout: 1338447801715
ipAddress: 71.23.82.202
lastlocation:
  world: world
  x: -4.10916223007398
  y: 94.0
  z: 375.2167526006732
  yaw: 50.30078
  pitch: 64.65
