timestamps:
  login: 1337157780138
  logout: 1337157786614
  lastteleport: 1337157409806
ipAddress: 216.137.198.97
lastlocation:
  world: world
  x: -42.146710313356145
  y: 83.5
  z: 433.01767371683314
  yaw: 56.40027
  pitch: 9.149964
money: 0.0
