timestamps:
  login: 1340161882350
  logout: 1340161908735
  mute: 0
ipAddress: 97.91.109.122
lastlocation:
  world: world
  x: -199.43299992390146
  y: 63.0
  z: 603.8777477571739
  yaw: -319.34982
  pitch: 2.700045
muted: true
