timestamps:
  login: 1334528423554
  lastteleport: 1334528428755
  logout: 1334528542690
ipAddress: 173.188.213.128
lastlocation:
  world: world
  x: 1488.5
  y: 70.0
  z: 194.5
  yaw: -172.22803
  pitch: -4.9565716
