timestamps:
  login: 1336073934638
  logout: 1336074229007
  lastteleport: 1336073960217
ipAddress: 216.195.20.158
lastlocation:
  world: world
  x: 3885.312898604308
  y: 64.0
  z: 363.3783006310267
  yaw: 145.29546
  pitch: 11.700212
