timestamps:
  login: 1336204955402
  lastteleport: 1336205937902
  logout: 1336206059999
ipAddress: 69.26.86.71
lastlocation:
  world: world
  x: 807.5274666645564
  y: 63.45744062351868
  z: -1162.573457211256
  yaw: -162.6916
  pitch: 34.67926
money: 10487.0
homes:
  home:
    world: world
    x: 3778.300000011921
    y: 6.0
    z: 2025.4286142845601
    yaw: 90.81936
    pitch: 16.35012
