timestamps:
  login: 1334023280134
  lastteleport: 1334023335788
  logout: 1334023337871
ipAddress: 98.203.189.31
lastlocation:
  world: world
  x: 399.793219706409
  y: 67.0
  z: 104.06454090376623
  yaw: 115.81927
  pitch: -0.0870524
