timestamps:
  login: 1335565899257
  lastteleport: 1335566071605
  logout: 1335566552864
ipAddress: 198.53.37.122
lastlocation:
  world: world
  x: 716.4412808568113
  y: 70.0
  z: -1865.065289342325
  yaw: 131.12415
  pitch: 24.449982
