timestamps:
  login: 1339964910481
  logout: 1339964987179
ipAddress: 24.184.227.97
lastlocation:
  world: world
  x: -17.451265379360976
  y: 74.0
  z: 449.41243815698675
  yaw: -62.18416
  pitch: 42.884037
