timestamps:
  login: 1336294006475
  lastteleport: 1336201554154
  logout: 1336294048746
ipAddress: 81.232.102.9
lastlocation:
  world: world
  x: 1063.3911552045126
  y: 63.0
  z: 2561.9040203071604
  yaw: -352.83295
  pitch: -8.241029
