timestamps:
  login: 1338514977254
  lastteleport: 1337644734966
  logout: 1338515023452
ipAddress: 82.28.157.13
lastlocation:
  world: world
  x: 154.29821310260718
  y: 72.0
  z: 333.3822742267822
  yaw: 49.650223
  pitch: 4.649988
