timestamps:
  login: 1334143800160
  lastteleport: 1334144071889
  logout: 1334144716331
ipAddress: 83.87.173.251
lastlocation:
  world: world
  x: 403.03780708358056
  y: 67.0
  z: 108.04547760603943
  yaw: -150.77373
  pitch: 10.199993
