timestamps:
  login: 1338606045692
  logout: 1338606218447
ipAddress: 87.55.32.158
lastlocation:
  world: world_nether
  x: 223.19062644531698
  y: 135.0
  z: 160.29631352722825
  yaw: -275.86465
  pitch: 7.8000426
