timestamps:
  login: 1337598910611
  lastteleport: 1337600049048
  logout: 1337600092834
ipAddress: 67.180.94.32
lastlocation:
  world: world
  x: 59.479626678090355
  y: 1.0
  z: 341.61427698596145
  yaw: 298.0503
  pitch: 84.299995
