timestamps:
  login: 1334985040618
  logout: 1334985320835
  lastteleport: 1334985152799
ipAddress: 78.133.60.177
lastlocation:
  world: world
  x: 3106.9950542031747
  y: 80.0
  z: 1417.4030778414294
  yaw: -352.09027
  pitch: 11.330716
money: 180.0
