timestamps:
  login: 1336518153092
  lastteleport: 1336517783244
  logout: 1336518163145
ipAddress: 76.21.234.39
lastlocation:
  world: world
  x: 3891.5
  y: 64.0
  z: 370.5
  yaw: 136.59544
  pitch: 20.100214
money: 294.0
