timestamps:
  login: 1335014292378
  lastteleport: 1335014315419
  logout: 1335014408662
ipAddress: 58.169.187.156
lastlocation:
  world: world
  x: 1483.8924426206484
  y: 70.0
  z: 179.469446321682
  yaw: 258.72202
  pitch: 16.64999
