timestamps:
  login: 1334595457297
  lastteleport: 1334595488295
  logout: 1334595537083
ipAddress: 88.112.9.90
lastlocation:
  world: world
  x: 1504.4318437501418
  y: 70.0
  z: 186.2419502455626
  yaw: -92.1279
  pitch: -4.8065658
