timestamps:
  login: 1340780317835
  logout: 1340780456780
ipAddress: 85.177.222.24
lastlocation:
  world: world
  x: -53.630284663039674
  y: 74.0
  z: 490.3946027175288
  yaw: 79.94988
  pitch: 11.099934
