timestamps:
  login: 1338533335443
  logout: 1338533346477
ipAddress: 76.9.248.65
lastlocation:
  world: world
  x: -48.5
  y: 80.0
  z: 428.5
  yaw: 270.26242
  pitch: 26.648764
