timestamps:
  login: 1338422644451
  logout: 1338423308246
  lastteleport: 1338422706675
ipAddress: 86.185.137.115
lastlocation:
  world: world
  x: 635.3812282614822
  y: 13.0
  z: 342.30000001192093
  yaw: 200.6151
  pitch: 25.95001
