timestamps:
  login: 1338686845654
  lastteleport: 1336952076347
  logout: 1338686850355
ipAddress: 76.106.154.27
lastlocation:
  world: world
  x: -44.727965532943024
  y: 77.0
  z: 440.54029346578096
  yaw: 72.507324
  pitch: 10.840289
