timestamps:
  login: 1336695229778
  logout: 1336695348062
  lastteleport: 1336694625923
ipAddress: 66.31.168.120
lastlocation:
  world: world
  x: 663.6172418196817
  y: 63.0
  z: -1132.9802923907664
  yaw: -98.20786
  pitch: -0.004790783
money: 100.0
