timestamps:
  login: 1336256138638
  lastteleport: 1336256489131
  logout: 1336256922038
ipAddress: 70.161.120.34
lastlocation:
  world: world
  x: 799.6109373266377
  y: 65.0
  z: -1177.761626538669
  yaw: 302.91974
  pitch: 5.626275
money: 10.0
