timestamps:
  login: 1341085279872
  logout: 1341085440177
  lastteleport: 1341010785918
ipAddress: 75.0.186.27
lastlocation:
  world: world
  x: -41.34821663649333
  y: 81.5
  z: 427.1438927775586
  yaw: 105.07538
  pitch: 30.132603
