timestamps:
  login: 1338395576081
  logout: 1338395674864
ipAddress: 60.241.102.21
lastlocation:
  world: world
  x: -54.78891478900915
  y: 77.0
  z: 422.61492962228834
  yaw: -329.94836
  pitch: 2.350243
