timestamps:
  login: 1335907008998
  lastteleport: 1335908093472
  logout: 1335908132239
ipAddress: 68.32.202.210
lastlocation:
  world: world
  x: 654.3000000119209
  y: 59.0
  z: -1833.250856402124
  yaw: 114.62396
  pitch: 32.249996
