timestamps:
  login: 1335904405035
  lastteleport: 1335728776268
  logout: 1335904425204
ipAddress: 142.227.238.241
lastlocation:
  world: world
  x: 3859.4672255013356
  y: 69.0
  z: 323.94626238083856
  yaw: 186.54526
  pitch: -2.2497845
