timestamps:
  login: 1338511252887
  logout: 1338511287430
ipAddress: 68.93.109.65
lastlocation:
  world: world
  x: -61.07560573015954
  y: 79.5
  z: 428.86815223962117
  yaw: -272.19815
  pitch: -7.849755
