timestamps:
  login: 1335730504537
  lastteleport: 1335730774328
  logout: 1335731166319
ipAddress: 99.235.246.137
lastlocation:
  world: world
  x: 3802.227856478244
  y: 64.0
  z: 1869.9069104759512
  yaw: -101.9693
  pitch: 10.950021
money: 0.0
