timestamps:
  login: 1340598905202
  logout: 1340599005531
ipAddress: 76.104.253.102
lastlocation:
  world: world
  x: -81.25132677445173
  y: 91.75
  z: 463.36128559002685
  yaw: 249.90068
  pitch: 3.750001
