timestamps:
  login: 1335730420129
  lastteleport: 1335730556263
  logout: 1335730686269
ipAddress: 82.30.43.46
lastlocation:
  world: world
  x: 3859.438403524242
  y: 70.0
  z: 322.3462408164932
  yaw: -233.60425
  pitch: -28.949783
