timestamps:
  login: 1336511718193
  lastteleport: 1336511803498
  logout: 1336512007433
ipAddress: 81.99.66.30
lastlocation:
  world: world
  x: 3860.5912471998226
  y: 71.0
  z: 320.7708256184636
  yaw: 186.05989
  pitch: 3.490382
