timestamps:
  login: 1335888048994
  lastteleport: 1335887564295
  logout: 1335888057189
ipAddress: 184.65.138.201
lastlocation:
  world: world
  x: 3870.699999988079
  y: 78.0
  z: 313.30000001192093
  yaw: -128.60394
  pitch: -1.4997951
