timestamps:
  login: 1336258214083
  logout: 1336258899202
  lastteleport: 1336258630079
ipAddress: 98.216.137.147
lastlocation:
  world: world
  x: 3890.329046015391
  y: 64.0
  z: 369.06376810466566
  yaw: 136.92691
  pitch: 19.60302
