timestamps:
  login: 1338276190264
  logout: 1338276206142
  lastteleport: 1335568773109
ipAddress: 67.168.99.204
lastlocation:
  world: world
  x: 165.62242538835463
  y: 65.0
  z: 883.1671690985584
  yaw: 308.1418
  pitch: 7.5456057
