timestamps:
  login: 1335020430956
  lastteleport: 1334538305928
  logout: 1335020613744
ipAddress: 76.219.181.122
lastlocation:
  world: world
  x: 1501.1668075831603
  y: 70.0
  z: 177.1393332948568
  yaw: 335.8221
  pitch: 8.700019
