timestamps:
  login: 1335887449343
  lastteleport: 1335887555405
  logout: 1335888436938
ipAddress: 92.32.34.77
lastlocation:
  world: world
  x: 3891.300000011921
  y: 82.0
  z: 298.4237998833311
  yaw: 12.563232
  pitch: 23.644787
