timestamps:
  login: 1335491957694
  lastteleport: 1335492527056
  logout: 1335492526698
ipAddress: 69.180.175.120
lastlocation:
  world: world
  x: 3891.508474926667
  y: 64.0
  z: 370.32513056988256
  yaw: 101.96646
  pitch: 7.776879
