timestamps:
  login: 1337402742862
  logout: 1337403018135
  lastteleport: 1337093212451
ipAddress: 82.157.116.87
lastlocation:
  world: world
  x: -247.86645940604097
  y: 64.0
  z: 774.9058179261425
  yaw: 127.49902
  pitch: 15.599935
