timestamps:
  login: 1338261107248
  logout: 1338059356655
ipAddress: 81.34.193.202
lastlocation:
  world: world
  x: -73.37903375615636
  y: 77.0
  z: 495.98825105542903
  yaw: -181.14825
  pitch: -0.7997434
