timestamps:
  login: 1336825603520
  lastteleport: 1336826026125
  logout: 1336826411649
ipAddress: 68.207.151.238
lastlocation:
  world: world
  x: 1852.8564735717641
  y: 66.0
  z: 3287.727503606367
  yaw: 258.56335
  pitch: 61.649998
