timestamps:
  login: 1334001980803
  lastteleport: 1334002019595
  logout: 1334002043321
ipAddress: 24.157.172.168
lastlocation:
  world: world
  x: 375.66522012092264
  y: 65.0
  z: 949.1461676939734
  yaw: 168.03711
  pitch: 25.875214
