timestamps:
  login: 1337763639087
  lastteleport: 1337122874215
  logout: 1337763722764
ipAddress: 71.207.206.56
lastlocation:
  world: world
  x: -113.82267938988926
  y: 62.0
  z: 596.6677767209771
  yaw: -16.6503
  pitch: 12.599929
