timestamps:
  login: 1335569347584
  lastteleport: 1335570276275
  logout: 1335570359816
ipAddress: 68.43.125.169
lastlocation:
  world: world
  x: 3891.508474926667
  y: 64.0
  z: 370.32513056988256
  yaw: 135.31537
  pitch: 21.197416
homes:
  home:
    world: world
    x: 1804.1345813540102
    y: 72.0
    z: -2564.3761817506843
    yaw: -257.5595
    pitch: 8.075507
