timestamps:
  login: 1336173163862
  lastteleport: 1336173347200
  logout: 1336173367887
ipAddress: 204.191.235.92
lastlocation:
  world: world
  x: 2526.926693296866
  y: 64.0
  z: 1430.048143271897
  yaw: 283.18964
  pitch: 26.250008
money: 299.0
