timestamps:
  login: 1340737177253
  logout: 1340737224840
ipAddress: 88.88.181.170
lastlocation:
  world: world
  x: -157.58968981898778
  y: 64.0
  z: 589.1562683887297
  yaw: -176.39966
  pitch: 15.75002
