timestamps:
  login: 1335051639710
  lastteleport: 1335051911463
  logout: 1335052013767
ipAddress: 173.175.29.18
lastlocation:
  world: world
  x: 1867.2196136551468
  y: 63.0
  z: -658.5034073096265
  yaw: 167.1859
  pitch: 14.245052
