timestamps:
  login: 1336332521091
  lastteleport: 1335321391359
  logout: 1336332578314
ipAddress: 68.54.85.224
lastlocation:
  world: world
  x: 765.1636766967139
  y: 67.0
  z: -2016.6206695069056
  yaw: 82.074005
  pitch: 9.599998
money: 2.0
