timestamps:
  login: 1333930851730
  lastteleport: 1333926012642
  logout: 1333930848317
ipAddress: 174.131.16.185
lastlocation:
  world: world
  x: 413.83478265100246
  y: 65.5
  z: 965.5601223827553
  yaw: 4.6297607
  pitch: 15.449994
