timestamps:
  login: 1338640858877
  logout: 1338641200634
ipAddress: 121.91.42.240
lastlocation:
  world: world
  x: -47.15222461135524
  y: 26.0
  z: 424.6154805326117
  yaw: -271.8164
  pitch: 18.62649
