timestamps:
  login: 1336094596623
  lastteleport: 1336094740622
  logout: 1336094821016
ipAddress: 72.236.109.250
lastlocation:
  world: world
  x: 3858.563680765206
  y: 71.0
  z: 321.4190041993382
  yaw: 235.29529
  pitch: 5.700228
