timestamps:
  login: 1334436145433
  lastteleport: 1334366854756
  logout: 1334435650677
ipAddress: 174.28.164.18
lastlocation:
  world: world
  x: 199.5
  y: 76.62000000476837
  z: 262.5
  yaw: 0.0
  pitch: 0.0
homes:
  home:
    world: world
    x: 213.21706638313512
    y: 73.0
    z: 6.702593880543345
    yaw: 217.92719
    pitch: 22.049995
