timestamps:
  login: 1336158610599
  lastteleport: 1336158632748
  logout: 1336158652193
ipAddress: 90.215.43.85
lastlocation:
  world: world
  x: 3878.7688012146295
  y: 64.0
  z: 349.0266191020834
  yaw: 146.94545
  pitch: 8.100214
