timestamps:
  login: 1340577385285
  logout: 1340577450145
ipAddress: 201.6.225.104
lastlocation:
  world: world
  x: -107.76233589517919
  y: 74.5
  z: 409.44791412941964
  yaw: -318.15
  pitch: 48.300007
