timestamps:
  login: 1335890154015
  logout: 1335891141938
  lastteleport: 1335891029091
ipAddress: 86.167.129.107
lastlocation:
  world: world
  x: 3364.478215262014
  y: 66.0
  z: 1906.300000011921
  yaw: -81.078125
  pitch: 29.849995
