timestamps:
  login: 1337823472896
  logout: 1337823545307
  lastteleport: 1337463589281
ipAddress: 82.8.58.11
lastlocation:
  world: world
  x: 296.4493830807283
  y: 7.0
  z: 537.3000000119209
  yaw: 187.16058
  pitch: -34.26981
