timestamps:
  login: 1338437349547
  logout: 1338437611306
ipAddress: 74.109.122.176
lastlocation:
  world: world
  x: -81.30000001192093
  y: 84.0
  z: 458.30000001192093
  yaw: -257.6665
  pitch: 32.00418
