timestamps:
  login: 1340791139313
  logout: 1340791357150
ipAddress: 75.84.31.167
lastlocation:
  world: world
  x: -118.38709538483731
  y: 74.0
  z: 499.6660166963422
  yaw: -325.05045
  pitch: 13.500062
