timestamps:
  login: 1336743039821
  lastteleport: 1335286566690
  logout: 1336743097321
ipAddress: 78.157.117.158
lastlocation:
  world: world
  x: 723.0617984787405
  y: 53.0
  z: -2130.6962807596633
  yaw: 156.77885
  pitch: -48.336914
