timestamps:
  login: 1336849418553
  lastteleport: 1336570147423
  logout: 1336571050068
ipAddress: 83.108.202.120
lastlocation:
  world: world
  x: 3858.761590325033
  y: 71.0
  z: 320.7368873553064
  yaw: 178.62587
  pitch: 6.090128
