timestamps:
  login: 1340149024553
  logout: 1340149076442
ipAddress: 99.176.21.101
lastlocation:
  world: world
  x: 17.297131948608406
  y: 17.644183404462854
  z: 525.8555692209371
  yaw: -14.454357
  pitch: -9.355581
