timestamps:
  login: 1337401612652
  lastteleport: 1336505917343
  logout: 1336505950935
ipAddress: 74.41.201.106
lastlocation:
  world: world
  x: 787.7611932977202
  y: 63.0
  z: -1150.0235602421603
  yaw: -152.5956
  pitch: 12.062218
money: 150.0
