timestamps:
  login: 1337561341725
  logout: 1337561319810
  lastteleport: 1337561306455
ipAddress: 98.226.246.235
lastlocation:
  world: world
  x: -39.03735152055488
  y: 75.17675927506424
  z: 439.04045862601214
  yaw: -162.45015
  pitch: 25.649963
