timestamps:
  login: 1335754924547
  lastteleport: 1335755144343
  logout: 1335756128588
ipAddress: 70.127.134.116
lastlocation:
  world: world
  x: 3859.951885755522
  y: 71.0
  z: 321.8455609917514
  yaw: 192.83405
  pitch: 5.458163
