timestamps:
  login: 1334191534816
  logout: 1334192175957
  lastteleport: 1334191542765
ipAddress: 67.80.79.100
lastlocation:
  world: world
  x: 403.3804634085421
  y: 68.0
  z: 196.6275665194099
  yaw: -146.26714
  pitch: -28.560608
