timestamps:
  login: 1333938909028
  lastteleport: 1333940442281
  logout: 1333941923530
ipAddress: 71.131.10.152
lastlocation:
  world: world
  x: 390.05018488458
  y: 82.0
  z: 1002.5263075028445
  yaw: 132.57983
  pitch: 18.149986
