timestamps:
  login: 1340705518596
  logout: 1340705519654
ipAddress: 78.20.39.44
lastlocation:
  world: world
  x: -96.03040132181631
  y: 97.0
  z: 395.20700469883144
  yaw: -259.65097
  pitch: 22.199991
