timestamps:
  login: 1335907102919
  lastteleport: 1335907164640
  logout: 1335907368302
ipAddress: 99.243.204.35
lastlocation:
  world: world
  x: 3861.7897896721215
  y: 71.0
  z: 320.0763024318502
  yaw: 109.145546
  pitch: 22.500193
