timestamps:
  login: 1334067700308
  lastteleport: 1334068513998
  logout: 1334069366133
ipAddress: 149.126.130.42
lastlocation:
  world: world
  x: 281.69999998807907
  y: 34.0
  z: 536.6999999880791
  yaw: -223.92459
  pitch: -48.55122
