timestamps:
  login: 1335695021336
  lastteleport: 1335694843787
  logout: 1335695045931
ipAddress: 115.66.110.34
lastlocation:
  world: world
  x: 3098.0011149762495
  y: 75.0
  z: 803.4548705893037
  yaw: -300.63983
  pitch: 34.01587
money: 184.0
