timestamps:
  login: 1336808041525
  lastteleport: 1336809005828
  logout: 1336809089982
ipAddress: 86.161.61.67
lastlocation:
  world: world
  x: 1049.073278446891
  y: 64.0
  z: 2581.8410444840565
  yaw: 259.7533
  pitch: 16.350025
money: 299.0
