timestamps:
  login: 1338259983945
  logout: 1338259995466
  lastteleport: 1337230513072
ipAddress: 86.151.132.250
lastlocation:
  world: world
  x: -46.40890152194839
  y: 79.5
  z: 426.8633016805097
  yaw: 10.349701
  pitch: 15.749928
money: 45.0
