timestamps:
  login: 1338395459043
  logout: 1338395474814
ipAddress: 98.148.174.189
lastlocation:
  world: world
  x: -67.37788968312418
  y: 77.0
  z: 413.4834454969462
  yaw: -180.31976
  pitch: 23.162188
