timestamps:
  login: 1335673928139
  lastteleport: 1335673847339
  logout: 1335673929933
ipAddress: 72.82.86.114
lastlocation:
  world: world
  x: 3881.3506482614016
  y: 64.0
  z: 357.2531085348565
  yaw: 153.41222
  pitch: 2.7982965
homes:
  home:
    world: world
    x: 2487.4190079185632
    y: 49.0
    z: -884.3000000119209
    yaw: -178.67389
    pitch: 1.6838229
