timestamps:
  login: 1335735892249
  lastteleport: 1335735750155
  logout: 1335736036639
ipAddress: 69.140.239.105
lastlocation:
  world: world
  x: 3860.432511294476
  y: 71.0
  z: 320.0514093208215
  yaw: -171.80441
  pitch: -0.7497668
