timestamps:
  login: 1335999647778
  logout: 1335999715165
  lastteleport: 1335999655496
ipAddress: 72.190.110.72
lastlocation:
  world: world
  x: 3863.113875541131
  y: 84.0
  z: 242.06258490915943
  yaw: 266.22537
  pitch: 15.856728
