timestamps:
  login: 1336497857211
  lastteleport: 1336499018546
  logout: 1336423365705
ipAddress: 70.67.193.190
lastlocation:
  world: world
  x: 651.2625242718294
  y: 64.0
  z: -1531.8919669616555
  yaw: 193.77069
  pitch: 16.50003
homes:
  home:
    world: world
    x: -493.6362773250555
    y: 64.0
    z: 2349.668702606266
    yaw: -176.33215
    pitch: 16.950035
