timestamps:
  login: 1334069380856
  lastteleport: 1334069579020
  logout: 1334069626183
ipAddress: 92.25.107.186
lastlocation:
  world: world
  x: 403.003620320186
  y: 68.0
  z: 165.72673306071638
  yaw: -172.67249
  pitch: 25.649727
