timestamps:
  login: 1335400608145
  lastteleport: 1335400636440
  logout: 1335401651033
ipAddress: 98.226.64.234
lastlocation:
  world: world
  x: 740.6880246957242
  y: 73.0
  z: -1991.233149853702
  yaw: 170.98418
  pitch: 4.162807
