timestamps:
  login: 1334067733356
  lastteleport: 1334067813848
  logout: 1334068196183
ipAddress: 86.148.199.150
lastlocation:
  world: world
  x: 410.54895746710395
  y: 67.0
  z: 114.76224873643018
  yaw: 124.11579
  pitch: 9.114561
