timestamps:
  login: 1338665255391
  logout: 1338665294913
  lastteleport: 1338665120839
ipAddress: 101.161.34.224
lastlocation:
  world: world
  x: 125.23239090361186
  y: 73.0
  z: 803.7081270336972
  yaw: 314.47644
  pitch: 50.4287
