timestamps:
  login: 1335688208871
  lastteleport: 1335688717585
  logout: 1335688895930
ipAddress: 68.222.39.192
lastlocation:
  world: world
  x: 3909.3374414648893
  y: 82.0
  z: 307.87049155941355
  yaw: -61.704456
  pitch: 13.650203
money: 195.0
