timestamps:
  login: 1334150703518
  lastteleport: 1334083971776
  logout: 1334150756281
ipAddress: 69.179.155.246
lastlocation:
  world: world
  x: 404.10163240185176
  y: 68.0
  z: 165.60823606809987
  yaw: -171.02249
  pitch: 5.999728
