timestamps:
  login: 1335762897744
  lastteleport: 1335762975042
  logout: 1335763118638
ipAddress: 123.211.0.247
lastlocation:
  world: world
  x: 3860.0453828829577
  y: 71.0
  z: 319.9380568981196
  yaw: -152.15437
  pitch: 6.4502172
