timestamps:
  login: 1334005013910
  lastteleport: 1334007274656
  logout: 1334007355117
ipAddress: 96.244.68.98
lastlocation:
  world: world
  x: 403.3804634085421
  y: 68.0
  z: 196.6275665194099
  yaw: -180.47247
  pitch: 21.749731
