timestamps:
  login: 1335690867659
  lastteleport: 1335697578104
  logout: 1335697627157
ipAddress: 86.133.97.124
lastlocation:
  world: world
  x: 771.676678035657
  y: 61.0
  z: -1960.638119641235
  yaw: -94.781494
  pitch: -5.250034
money: 5086.0
