timestamps:
  login: 1339507820161
  logout: 1339507861421
ipAddress: 85.167.155.148
lastlocation:
  world: world
  x: -62.54180677405952
  y: 74.0
  z: 412.20988326574667
  yaw: 138.30014
  pitch: 1.4299154E-5
