timestamps:
  login: 1337504643366
  lastteleport: 1336519595896
  logout: 1337504939194
ipAddress: 66.168.44.143
lastlocation:
  world: world
  x: -45.5
  y: 121.62000000476837
  z: 436.5
  yaw: 0.0
  pitch: 0.0
homes:
  home:
    world: world
    x: 349.69999998807907
    y: 61.0
    z: 915.5096973398371
    yaw: 97.315315
    pitch: 19.950008
money: 3026.0
