timestamps:
  login: 1340235544263
  lastteleport: 1339471028680
  logout: 1340235630328
ipAddress: 68.149.26.201
lastlocation:
  world: world
  x: 1025.6683687079458
  y: 66.0
  z: 495.5903237842383
  yaw: -38.46334
  pitch: 11.996176
