timestamps:
  login: 1334425319806
  lastteleport: 1334426660559
  logout: 1334427481549
ipAddress: 142.161.34.198
lastlocation:
  world: world
  x: 403.05234821851747
  y: 56.0
  z: 194.1732432572284
  yaw: -180.47247
  pitch: 21.749731
homes:
  home:
    world: world
    x: 86.840724901235
    y: 58.0
    z: 434.7819119548232
    yaw: -261.56873
    pitch: 48.221996
money: 700.0
ban:
  reason: griefing
