timestamps:
  login: 1335017567308
  lastteleport: 1335017937746
  logout: 1335018568446
ipAddress: 2.217.117.2
lastlocation:
  world: world
  x: 3020.215571660101
  y: 62.0
  z: 1466.9041594349637
  yaw: -8.765381
  pitch: -30.450039
money: 49.0
