timestamps:
  login: 1333985913429
  lastteleport: 1333985974837
  logout: 1333986328270
ipAddress: 74.193.110.229
lastlocation:
  world: world
  x: 365.41016537821827
  y: 65.0
  z: 943.1023986801428
  yaw: 193.17879
  pitch: 19.050014
