timestamps:
  login: 1333989743217
  logout: 1333992184704
  lastteleport: 1333991865816
ipAddress: 68.55.165.216
lastlocation:
  world: world
  x: 403.0369051538858
  y: 68.0
  z: 191.83531905568293
  yaw: -57.28783
  pitch: 28.032364
