timestamps:
  login: 1339537909358
  logout: 1339538070148
ipAddress: 65.26.26.189
lastlocation:
  world: world
  x: -98.47303228866393
  y: 74.0
  z: 474.1821104173359
  yaw: -197.88452
  pitch: 13.274851
