timestamps:
  login: 1336831990912
  logout: 1336832215832
  lastteleport: 1336831953263
ipAddress: 114.77.214.156
lastlocation:
  world: world
  x: 1298.1424910962457
  y: 73.0
  z: 2621.3659234017996
  yaw: 25.874847
  pitch: 20.249207
