timestamps:
  login: 1335776599090
  lastteleport: 1335776904837
  logout: 1335777082934
ipAddress: 60.224.130.24
lastlocation:
  world: world
  x: 3860.7784846579953
  y: 42.0
  z: 401.81571212961404
  yaw: 220.84271
  pitch: 3.6535378
