timestamps:
  login: 1338342690182
  logout: 1338342703139
  lastteleport: 1338211735067
ipAddress: 70.178.37.48
lastlocation:
  world: world
  x: -49.78431040938704
  y: 78.0
  z: 421.6582567038585
  yaw: -184.44814
  pitch: 40.60025
