timestamps:
  login: 1335050758635
  logout: 1335050788777
  lastteleport: 1335050764517
ipAddress: 50.46.147.71
lastlocation:
  world: world
  x: 3106.196307675331
  y: 72.0
  z: 1516.7342807657049
  yaw: -171.06398
  pitch: 34.949986
