timestamps:
  login: 1337353189638
  logout: 1337353196415
  lastteleport: 1337352708176
ipAddress: 24.68.143.160
lastlocation:
  world: world
  x: -59.15427577755669
  y: 74.0
  z: 471.4022017022097
  yaw: -100.19995
  pitch: -6.599971
