timestamps:
  login: 1335408684012
  logout: 1335408964905
  lastteleport: 1335408771661
ipAddress: 71.224.104.60
lastlocation:
  world: world
  x: 748.3164574308211
  y: 51.0
  z: -2137.699999988079
  yaw: -179.22623
  pitch: 77.55
