timestamps:
  login: 1335342334304
  lastteleport: 1335343019203
  logout: 1335343247899
ipAddress: 84.24.201.131
lastlocation:
  world: world
  x: 3597.4863601536936
  y: 68.0
  z: 1766.1524052512668
  yaw: 133.42252
  pitch: 3.2864685
