timestamps:
  login: 1338400198784
  logout: 1338400364814
ipAddress: 124.184.4.241
lastlocation:
  world: world
  x: -30.88735413875248
  y: 77.0
  z: 409.9817513035465
  yaw: -139.44641
  pitch: 30.400309
