timestamps:
  login: 1340575902112
  lastteleport: 1340576063663
  logout: 1340576130145
ipAddress: 71.170.221.46
lastlocation:
  world: world
  x: -199.09755827555574
  y: 64.0
  z: 262.9999843314798
  yaw: 53.63004
  pitch: 6.775103
