timestamps:
  login: 1334391791942
  lastteleport: 1334391866666
  logout: 1334393375510
ipAddress: 74.124.151.141
lastlocation:
  world: world
  x: 410.5950151979139
  y: 64.0
  z: 162.84247020908848
  yaw: 78.27757
  pitch: 31.34975
money: 40.0
