timestamps:
  login: 1340791144425
  lastteleport: 1340791230586
  logout: 1340791499937
ipAddress: 80.248.255.160
lastlocation:
  world: world
  x: 335.0751393389063
  y: 64.0
  z: 675.2177876894217
  yaw: -225.94185
  pitch: 40.772816
