timestamps:
  login: 1335630815087
  lastteleport: 1335631935514
  logout: 1335631941621
ipAddress: 216.55.204.22
lastlocation:
  world: world
  x: 3799.920978050826
  y: 64.0
  z: 1852.8309176856203
  yaw: 166.38013
  pitch: 35.10001
money: 95.0
