timestamps:
  login: 1338610682824
  lastteleport: 1334508811617
  logout: 1338610686362
ipAddress: 99.28.83.75
lastlocation:
  world: world
  x: -149.8842338528769
  y: 26.0
  z: 348.31434928611066
  yaw: 311.85
  pitch: 14.999979
