timestamps:
  login: 1340522702999
  logout: 1340522784138
ipAddress: 107.3.171.203
lastlocation:
  world: world
  x: 12.202485390713635
  y: 20.0
  z: 316.22674082705856
  yaw: 95.75576
  pitch: 5.5795302
