timestamps:
  login: 1340473255115
  logout: 1340473300191
ipAddress: 87.209.83.124
lastlocation:
  world: world
  x: 2282.7883868810554
  y: 63.0
  z: 1300.8391901036655
  yaw: 203.23505
  pitch: 29.399992
