timestamps:
  login: 1333929785287
  lastteleport: 1333927011630
  logout: 1333929818317
ipAddress: 174.124.117.110
lastlocation:
  world: world
  x: 375.7266003863585
  y: 65.0
  z: 934.9891653095617
  yaw: 189.1289
  pitch: 24.150023
