timestamps:
  login: 1335990492526
  logout: 1335990660883
  lastteleport: 1335990555568
ipAddress: 174.50.212.60
lastlocation:
  world: world
  x: 3859.9241256617092
  y: 71.0
  z: 320.40475749079974
  yaw: 162.84544
  pitch: -1.4997867
