timestamps:
  login: 1340167154531
ipAddress: 71.142.241.200
lastlocation:
  world: world
  x: -45.5
  y: 77.0
  z: 426.5
  yaw: -0.60001844
  pitch: 31.650007
