timestamps:
  login: 1338832692491
  logout: 1338832694921
ipAddress: 68.3.113.5
lastlocation:
  world: world
  x: -44.07585993579303
  y: 76.5
  z: 423.66833032174253
  yaw: 144.6
  pitch: 6.450014
