timestamps:
  login: 1334002858713
  lastteleport: 1334002884529
  logout: 1334002993980
ipAddress: 96.49.96.23
lastlocation:
  world: world
  x: 403.74713003817806
  y: 67.0
  z: 123.12227795704328
  yaw: -179.39307
  pitch: 20.388739
