timestamps:
  login: 1339265108039
  lastteleport: 1339265080748
  logout: 1339265132971
ipAddress: 99.99.236.249
lastlocation:
  world: world_nether
  x: 272.64396930052516
  y: 128.0
  z: 136.26432525302587
  yaw: -196.66496
  pitch: 14.700035
