timestamps:
  login: 1335730344786
  lastteleport: 1335730496577
  logout: 1335730666319
ipAddress: 74.221.159.223
lastlocation:
  world: world
  x: 2503.290908519265
  y: 80.0
  z: 1410.4569715410835
  yaw: 12.289853
  pitch: 13.050008
