timestamps:
  login: 1336685561358
  logout: 1336685632803
  lastteleport: 1336685624460
ipAddress: 173.17.3.175
lastlocation:
  world: world
  x: 3891.508474926667
  y: 64.0
  z: 370.32513056988256
  yaw: 136.59544
  pitch: 20.100214
homes:
  home:
    world: world
    x: 941.3000000119209
    y: 64.0
    z: -1369.699999988079
    yaw: -18.514648
    pitch: 31.350027
ban:
  reason: 'Hacking: Appeal At Forums.'
