timestamps:
  login: 1335723773706
  lastteleport: 1335723873674
  logout: 1335724594562
ipAddress: 69.251.54.60
lastlocation:
  world: world
  x: 3909.6829958818057
  y: 87.0
  z: 206.3524063930563
  yaw: -102.46747
  pitch: 7.2521687
