timestamps:
  login: 1336535692218
  lastteleport: 1336535698521
  logout: 1336535814465
ipAddress: 108.16.112.184
lastlocation:
  world: world
  x: 3890.1861623012082
  y: 64.0
  z: 369.4714557831225
  yaw: 129.09544
  pitch: 1.6502136
