timestamps:
  login: 1336911777745
  lastteleport: 1336840583031
  logout: 1336911779248
ipAddress: 68.227.17.38
lastlocation:
  world: world
  x: 3937.864105485956
  y: 105.0
  z: 278.15886999187137
  yaw: 32.79209
  pitch: 28.650253
