timestamps:
  login: 1336065089333
  lastteleport: 1336064362815
  logout: 1336065121378
ipAddress: 92.33.171.45
lastlocation:
  world: world
  x: 3858.5804922361363
  y: 71.0
  z: 321.36795659752704
  yaw: -216.45782
  pitch: -88.82496
