timestamps:
  login: 1335393159841
  lastteleport: 1335393220790
  logout: 1335393329926
ipAddress: 24.236.175.85
lastlocation:
  world: world
  x: 762.9916285201397
  y: 67.0
  z: -2018.53907447011
  yaw: 122.963165
  pitch: 0.7026795
