timestamps:
  login: 1335736332002
  lastteleport: 1335736624307
  logout: 1335736811639
ipAddress: 82.30.92.52
lastlocation:
  world: world
  x: 3860.5219562163697
  y: 71.0
  z: 321.51270874115284
  yaw: 180.24539
  pitch: -1.0497878
