timestamps:
  login: 1333938487715
  lastteleport: 1333938742845
  logout: 1333939186356
ipAddress: 68.0.162.85
lastlocation:
  world: world
  x: 314.4028673858464
  y: 63.304857591927906
  z: 902.172984387332
  yaw: 151.7799
  pitch: 11.2498
