timestamps:
  login: 1338352258007
  lastteleport: 1338185091824
  logout: 1338352289944
ipAddress: 63.153.226.93
lastlocation:
  world: world
  x: 1746.6817883131166
  y: 63.0
  z: -44.04782048703828
  yaw: -159.46466
  pitch: 26.100069
money: 288.0
homes:
  home:
    world: world
    x: 1747.2481159468641
    y: 63.0
    z: -42.729104495451196
    yaw: -257.114
    pitch: 22.049976
