timestamps:
  login: 1336707642539
  lastteleport: 1336707759135
  logout: 1336707805530
ipAddress: 50.92.167.87
lastlocation:
  world: world
  x: 1785.3743621777458
  y: 64.0
  z: -701.4728398329679
  yaw: 81.15405
  pitch: 20.181498
