timestamps:
  login: 1338287115856
  logout: 1338287126578
  lastteleport: 1338105248513
ipAddress: 24.5.14.142
lastlocation:
  world: world
  x: -16.83775976366455
  y: 77.0
  z: 397.0637901147089
  yaw: 161.1217
  pitch: -7.748888
