timestamps:
  login: 1336236023139
  lastteleport: 1336236132963
  logout: 1336236710294
ipAddress: 178.167.188.225
lastlocation:
  world: world
  x: 3905.23021127254
  y: 81.0
  z: 296.30000001192093
  yaw: -189.0539
  pitch: 12.600007
