timestamps:
  login: 1335210174384
  lastteleport: 1335210325076
  logout: 1335210430579
ipAddress: 88.90.178.70
lastlocation:
  world: world
  x: 765.0192946861176
  y: 67.0
  z: -2018.1442100779063
  yaw: 73.013916
  pitch: -4.619339
