timestamps:
  login: 1338139482326
  logout: 1338139485786
  lastteleport: 1335565392378
ipAddress: 89.212.228.159
lastlocation:
  world: world
  x: -43.21750581647215
  y: 86.5
  z: 423.9966438538735
  yaw: -21.900846
  pitch: 15.899894
