timestamps:
  login: 1338614032671
  logout: 1338614174317
  lastteleport: 1337562293762
ipAddress: 86.173.51.117
lastlocation:
  world: world
  x: 236.79509614641137
  y: 64.0
  z: 122.02334681436342
  yaw: 11.700411
  pitch: 23.400003
