timestamps:
  login: 1338616172842
  lastteleport: 1337489438007
  logout: 1338616194752
ipAddress: 173.70.62.108
lastlocation:
  world: world
  x: -49.424513077176286
  y: 80.0
  z: 427.9593381212562
  yaw: -69.790886
  pitch: 20.64512
