timestamps:
  login: 1339589360030
  lastteleport: 1339589906857
  logout: 1339589995274
ipAddress: 84.212.121.130
lastlocation:
  world: world
  x: -58.40915519771263
  y: 67.0
  z: -658.4093436770804
  yaw: -177.61497
  pitch: 21.899973
