timestamps:
  login: 1340578659530
  logout: 1340578795146
ipAddress: 203.206.26.10
lastlocation:
  world: world
  x: -203.08263539630912
  y: 61.0
  z: 261.30000001192093
  yaw: 152.30722
  pitch: 18.842875
