timestamps:
  login: 1335140701390
  lastteleport: 1335140931259
  logout: 1335140942275
ipAddress: 71.161.57.163
lastlocation:
  world: world
  x: 1495.3122009647693
  y: 70.0
  z: 179.79527716964014
  yaw: 194.83826
  pitch: 8.555989
