timestamps:
  login: 1338202481751
  logout: 1338202553491
ipAddress: 71.200.178.10
lastlocation:
  world: world
  x: -31.755271310278772
  y: 77.0
  z: 412.72210819287056
  yaw: -112.4473
  pitch: -4.150032
