timestamps:
  login: 1335212830182
  lastteleport: 1335212397948
  logout: 1335213256091
ipAddress: 216.164.58.13
lastlocation:
  world: world
  x: 767.8204804280448
  y: 68.0
  z: -2017.925000011921
  yaw: 78.77358
  pitch: 12.600018
money: 299.0
