timestamps:
  login: 1334606560081
  lastteleport: 1334606928681
  logout: 1334607981110
ipAddress: 76.23.132.132
lastlocation:
  world: world
  x: 1488.8099211204433
  y: 70.0
  z: 191.98912166912254
  yaw: -176.87805
  pitch: 10.343433
