timestamps:
  login: 1337817620200
  logout: 1337819165887
  lastteleport: 1337818818624
ipAddress: 62.212.200.187
lastlocation:
  world: world
  x: 713.8477736881928
  y: 64.0
  z: 2306.6289780323627
  yaw: 249.5794
  pitch: 10.349984
homes:
  home:
    world: world
    x: 434.9569900646097
    y: 64.0
    z: 1594.455601152096
    yaw: 220.77734
    pitch: 16.500046
