timestamps:
  login: 1336194385331
  lastteleport: 1334017029794
  logout: 1336194533268
  mute: 0
ipAddress: 174.18.185.145
lastlocation:
  world: world
  x: 3900.5
  y: 63.62000000476837
  z: 379.5
  yaw: 0.0
  pitch: 0.0
homes:
  home:
    world: world
    x: 267.9761073261178
    y: 60.0
    z: 533.495675354881
    yaw: -205.37036
    pitch: 13.050017
muted: true
