timestamps:
  login: 1338452007969
  lastteleport: 1335675643940
  logout: 1338452019553
ipAddress: 67.180.94.32
lastlocation:
  world: world
  x: -77.20190010541101
  y: 78.0
  z: 390.3396456234037
  yaw: -1.2984314
  pitch: 25.150259
money: 231.0
