timestamps:
  login: 1338564747136
  logout: 1338565268517
  lastteleport: 1338565058465
ipAddress: 90.230.98.224
lastlocation:
  world: world
  x: -233.3038466011698
  y: 68.0
  z: 273.89718944737206
  yaw: 124.60205
  pitch: 63.342896
