timestamps:
  login: 1339301610817
  logout: 1339301672930
ipAddress: 50.131.136.133
lastlocation:
  world: world
  x: 11.20486114691478
  y: 74.0
  z: 373.1262232075763
  yaw: 210.44995
  pitch: 60.600014
