timestamps:
  login: 1335595058556
  lastteleport: 1335594868244
  logout: 1335595177934
ipAddress: 99.239.168.141
lastlocation:
  world: world
  x: 2198.699999988079
  y: 63.0
  z: 60.4114685385624
  yaw: -88.94357
  pitch: 20.100025
