timestamps:
  login: 1335289920278
  logout: 1335290250244
  lastteleport: 1335290189301
ipAddress: 213.46.88.64
lastlocation:
  world: world
  x: 733.3000000119209
  y: 73.0
  z: -1990.433617182358
  yaw: 268.6738
  pitch: 12.1500025
money: 297.0
