timestamps:
  login: 1335916128290
  logout: 1335919273079
  lastteleport: 1335919253450
ipAddress: 199.47.249.254
lastlocation:
  world: world
  x: -1109.6786465485686
  y: 12.0
  z: 1102.300000011921
  yaw: -140.04504
  pitch: -8.10002
money: 70.0
ban:
  reason: Claiming public land appeal at champcraft.net
