timestamps:
  login: 1336211290306
  lastteleport: 1336211317656
  logout: 1336211354999
ipAddress: 2.66.27.214
lastlocation:
  world: world
  x: 3859.339775929935
  y: 71.0
  z: 321.51768786240086
  yaw: 186.56451
  pitch: -9.619739
