timestamps:
  login: 1337048835628
  logout: 1337048839655
  lastteleport: 1337048839778
ipAddress: 89.233.213.247
lastlocation:
  world: world
  x: 737.5
  y: 55.5
  z: -961.5
  yaw: -177.03178
  pitch: 1.7732514
