timestamps:
  login: 1335048959201
  logout: 1335049258813
  lastteleport: 1335049095544
ipAddress: 109.125.63.221
lastlocation:
  world: world
  x: 3068.0556419545164
  y: 62.0
  z: 1471.1940428042126
  yaw: -301.6427
  pitch: -1.3597498
money: 299.0
