timestamps:
  login: 1340707560827
  lastteleport: 1340695004081
  logout: 1340707704654
ipAddress: 111.94.126.8
lastlocation:
  world: world
  x: 2327.8854137014514
  y: 63.224726956365046
  z: 1251.0462361041043
  yaw: -24.314964
  pitch: 18.300003
