timestamps:
  login: 1338258801400
  logout: 1338258905498
  lastteleport: 1335574775051
ipAddress: 24.21.7.131
lastlocation:
  world: world
  x: -86.5
  y: 94.0
  z: 374.5
  yaw: -41.34883
  pitch: 21.150188
