timestamps:
  login: 1340675269387
  logout: 1340675403232
ipAddress: 108.92.146.164
lastlocation:
  world: world
  x: -74.52306086432047
  y: 74.5
  z: 479.00322545580843
  yaw: -46.50467
  pitch: 63.00746
