timestamps:
  login: 1337257104850
  lastteleport: 1337257121643
  logout: 1337257188772
ipAddress: 66.183.117.168
lastlocation:
  world: world
  x: -44.57739037960224
  y: 77.0
  z: 427.4824786218373
  yaw: 184.19978
  pitch: 28.799934
money: 249.0
