timestamps:
  login: 1335286966551
  lastteleport: 1335197549099
  logout: 1335286969583
ipAddress: 109.158.151.201
lastlocation:
  world: world
  x: 764.2787082624583
  y: 67.0
  z: -2016.187677170293
  yaw: 83.87369
  pitch: -3.7499814
money: 59.0
