timestamps:
  login: 1340409497119
  logout: 1340409668262
ipAddress: 68.99.102.112
lastlocation:
  world: world
  x: -49.81837419665062
  y: 12.76104980633859
  z: 512.1553446932257
  yaw: -311.10007
  pitch: -14.400015
