timestamps:
  login: 1338446089133
  lastteleport: 1338445732298
  logout: 1338446092888
ipAddress: 71.187.34.190
lastlocation:
  world: world
  x: 3401.425000011921
  y: 58.0
  z: 3468.320318246821
  yaw: -110.75261
  pitch: 34.996174
