timestamps:
  login: 1335828800497
  logout: 1335828835387
  lastteleport: 1335828254897
ipAddress: 50.93.25.248
lastlocation:
  world: world
  x: 3787.3453611036657
  y: 64.0
  z: -472.93479535403804
  yaw: -141.95467
  pitch: -73.200005
homes:
  home:
    world: world
    x: 3786.0295721965595
    y: 88.0
    z: -473.13287728194905
    yaw: -168.0541
    pitch: 25.049997
