timestamps:
  login: 1333997412988
  lastteleport: 1333997506020
  logout: 1333997572128
ipAddress: 99.230.199.85
lastlocation:
  world: world
  x: 403.42229636877977
  y: 64.0
  z: 139.36728033536937
  yaw: -178.3681
  pitch: 17.849712
