timestamps:
  login: 1334416180718
  lastteleport: 1334416417199
  logout: 1334416433137
ipAddress: 94.11.33.162
lastlocation:
  world: world
  x: 384.02578759993196
  y: 66.0
  z: 155.3404938843545
  yaw: -275.4226
  pitch: 27.149733
