timestamps:
  login: 1334050940842
  logout: 1334050964002
  lastteleport: 1333925296839
ipAddress: 121.74.157.0
lastlocation:
  world: world
  x: 375.8689984761081
  y: 65.0
  z: 936.4528053871936
  yaw: -178.0713
  pitch: 9.749997
