timestamps:
  login: 1337500185794
  lastteleport: 1337501126512
  logout: 1337501340562
ipAddress: 68.198.146.205
lastlocation:
  world: world
  x: -45.000173956505876
  y: 74.5
  z: 436.16484573990755
  yaw: -5.4001493
  pitch: 4.6499524
