timestamps:
  login: 1340680688642
  logout: 1340680714604
ipAddress: 174.79.3.185
lastlocation:
  world: world
  x: -49.92500001192093
  y: 84.0
  z: 426.69453953006195
  yaw: 271.94998
  pitch: 24.750008
