timestamps:
  login: 1333996356742
  lastteleport: 1333990073192
  logout: 1333996360724
ipAddress: 75.20.165.215
lastlocation:
  world: world
  x: 287.8956123889425
  y: 57.0
  z: 691.6999999880791
  yaw: -81.11306
  pitch: -10.813632
