timestamps:
  login: 1337332893497
  logout: 1337333150486
  lastteleport: 1337316460182
ipAddress: 108.2.150.23
lastlocation:
  world: world
  x: -57.49405073695478
  y: 74.5
  z: 469.9324298726828
  yaw: -189.2998
  pitch: 11.399944
money: 299.0
