timestamps:
  login: 1335304591860
  lastteleport: 1335304624004
  logout: 1335305217649
ipAddress: 108.26.73.162
lastlocation:
  world: world
  x: 765.5291919354221
  y: 67.0
  z: -2009.4830845173904
  yaw: 179.5739
  pitch: 15.900005
