timestamps:
  login: 1340826569136
  logout: 1340826575149
ipAddress: 70.75.170.11
lastlocation:
  world: world
  x: -45.673927564275985
  y: 77.0
  z: 427.2393596561428
  yaw: 118.2
  pitch: 27.750006
