timestamps:
  login: 1337482180317
  lastteleport: 1337483099554
  logout: 1337483117383
ipAddress: 184.145.73.45
lastlocation:
  world: world
  x: 2852.300000011921
  y: 35.0
  z: 3051.9670137883477
  yaw: 165.62901
  pitch: -30.000006
money: 44.0
homes:
  home:
    world: world
    x: 2851.699999988079
    y: 58.0
    z: 3032.878287531835
    yaw: -16.02099
    pitch: 45.89999
ban:
  reason: Temporarily banned from server for  1 minute 40 seconds
  timeout: 0
