timestamps:
  login: 1338159364712
  logout: 1338159399471
ipAddress: 67.174.246.146
lastlocation:
  world: world
  x: -24.560058283445
  y: 77.0
  z: 447.8040879578421
  yaw: 51.855137
  pitch: 18.506325
