timestamps:
  login: 1340395738184
  lastteleport: 1340395891749
  logout: 1340395932276
ipAddress: 216.73.70.4
lastlocation:
  world: world
  x: 105.77358668434339
  y: 63.0
  z: 578.6999999880791
  yaw: -20.550014
  pitch: 66.29998
