timestamps:
  login: 1333984610224
  lastteleport: 1333984683926
  logout: 1333986908262
ipAddress: 85.224.27.17
lastlocation:
  world: world
  x: 373.9765883616131
  y: 82.0
  z: 992.2665401360371
  yaw: 203.67899
  pitch: 3.150005
