timestamps:
  login: 1334052079664
  lastteleport: 1333994068983
  logout: 1334052134002
ipAddress: 85.224.27.17
lastlocation:
  world: world
  x: 404.29229225530133
  y: 68.0
  z: 195.7077077446986
  yaw: -180.47247
  pitch: 21.749731
