timestamps:
  login: 1336207041643
  lastteleport: 1336075933216
  logout: 1336207174999
ipAddress: 86.7.123.138
lastlocation:
  world: world
  x: 4009.5772169241122
  y: 28.0
  z: 1518.3613177093164
  yaw: 249.41754
  pitch: 6.4499617
money: 300.0
homes:
  home:
    world: world
    x: 3994.300000011921
    y: 34.0
    z: 1497.1279355451102
    yaw: -143.28241
    pitch: 8.39999
