timestamps:
  login: 1337909283042
  logout: 1337909285358
  lastteleport: 1336303711113
ipAddress: 80.222.63.134
lastlocation:
  world: world
  x: -40.5
  y: 125.62000000476837
  z: 432.5
  yaw: 0.0
  pitch: 0.0
homes:
  home:
    world: world
    x: 3580.8036988108083
    y: 93.0
    z: 333.33898461453407
    yaw: 48.69626
    pitch: 38.699986
