timestamps:
  login: 1339313662845
  lastteleport: 1339314310153
  logout: 1339314352931
ipAddress: 84.212.67.235
lastlocation:
  world: world_nether
  x: 269.817399033196
  y: 128.0
  z: 143.1771265043443
  yaw: -244.48053
  pitch: 20.901045
