timestamps:
  login: 1337132126331
  logout: 1337132098865
  lastteleport: 1337132277286
ipAddress: 79.161.157.5
lastlocation:
  world: world
  x: -45.39990996609814
  y: 77.0
  z: 426.791893980141
  yaw: -180.29999
  pitch: 7.199943
