timestamps:
  login: 1336684100108
  lastteleport: 1336684751467
  logout: 1336684807803
ipAddress: 24.36.215.0
lastlocation:
  world: world
  x: 1238.110119350439
  y: 64.0
  z: 2568.290252822985
  yaw: 271.30325
  pitch: 12.450021
