timestamps:
  login: 1338136350697
  logout: 1338136874482
  lastteleport: 1338136655511
ipAddress: 80.212.182.63
lastlocation:
  world: world
  x: -49.181835445042594
  y: 80.0
  z: 428.8539593068008
  yaw: -179.94812
  pitch: 22.900251
