timestamps:
  login: 1335247341298
  lastteleport: 1335247377706
  logout: 1335247408003
ipAddress: 124.171.107.171
lastlocation:
  world: world
  x: 776.7416122219421
  y: 67.0
  z: -1998.2164343649472
  yaw: 224.57384
  pitch: 6.4499917
