timestamps:
  login: 1335894373106
  logout: 1335894423543
  lastteleport: 1335894390202
ipAddress: 86.152.122.207
lastlocation:
  world: world
  x: 3855.470012329048
  y: 103.0
  z: 218.78348120230254
  yaw: 75.15561
  pitch: 11.498607
