timestamps:
  login: 1335491338597
  lastteleport: 1335492529406
  logout: 1335492526698
ipAddress: 98.240.250.72
lastlocation:
  world: world
  x: 3889.3889561259302
  y: 64.0
  z: 368.91259709149824
  yaw: 124.5175
  pitch: 18.765636
