timestamps:
  login: 1336250197067
  lastteleport: 1336223076685
  logout: 1336250254530
ipAddress: 64.229.236.64
lastlocation:
  world: world
  x: 1298.4535286294615
  y: 58.0
  z: 2565.049788015298
  yaw: 279.25317
  pitch: 18.899992
homes:
  home:
    world: world
    x: 3955.214465872221
    y: 135.0
    z: 16.951402732705446
    yaw: 273.9985
    pitch: 35.549988
nickname: ยง5EthanRainford
money: 8.0
