timestamps:
  login: 1337507388106
  lastteleport: 1337501364190
  logout: 1337507581300
ipAddress: 99.250.165.153
lastlocation:
  world: world
  x: 4913.314669297473
  y: 55.0
  z: 2889.304898843463
  yaw: 60.674194
  pitch: 3.0302634
