timestamps:
  login: 1333991296358
  lastteleport: 1333990329748
  logout: 1333991300484
ipAddress: 76.14.172.107
lastlocation:
  world: world
  x: 394.26401538958135
  y: 66.0
  z: 980.0677243684761
  yaw: -93.308815
  pitch: 14.397842
