timestamps:
  login: 1340682035838
  logout: 1340682039605
ipAddress: 98.150.248.145
lastlocation:
  world: world
  x: -45.5
  y: 77.0
  z: 426.5
  yaw: -92.70002
  pitch: 17.100002
