timestamps:
  login: 1334548902307
  lastteleport: 1334549236121
  logout: 1334549568248
ipAddress: 67.217.203.83
lastlocation:
  world: world
  x: 1493.6135803216428
  y: 70.0
  z: 200.07471119239557
  yaw: 99.44954
  pitch: 26.701149
