timestamps:
  login: 1338112606540
  logout: 1338112653357
  lastteleport: 1335647149302
ipAddress: 70.72.76.39
lastlocation:
  world: world
  x: -36.343994859531925
  y: 80.0
  z: 428.28756679745953
  yaw: -256.88965
  pitch: 3.4911394
