timestamps:
  login: 1340833106564
  logout: 1340833126875
ipAddress: 108.238.108.134
lastlocation:
  world: world
  x: -46.373726753736165
  y: 77.0
  z: 426.9684745322211
  yaw: -102.150085
  pitch: 29.400011
