timestamps:
  login: 1338609752517
  lastteleport: 1334574106025
  logout: 1337471809245
ipAddress: 98.231.83.15
lastlocation:
  world: world
  x: -27.54551759032724
  y: 77.0
  z: 495.6872069679637
  yaw: 57.899906
  pitch: 2.099928
