timestamps:
  login: 1340547660137
  logout: 1340547674688
ipAddress: 65.29.241.168
lastlocation:
  world: world_nether
  x: 272.8100949028898
  y: 113.0
  z: 136.89023151617508
  yaw: -295.36505
  pitch: 16.050034
