timestamps:
  login: 1336292087325
  logout: 1336293588746
  lastteleport: 1336293366005
ipAddress: 24.58.210.12
lastlocation:
  world: world
  x: 3933.434988456134
  y: 64.0
  z: 417.6307095591795
  yaw: 98.85254
  pitch: 27.331211
