timestamps:
  login: 1337908399660
  lastteleport: 1337482787272
  logout: 1337908575358
ipAddress: 81.98.46.68
lastlocation:
  world: world
  x: 20114.14299846616
  y: 58.0
  z: 20044.19537359908
  yaw: 7.5891724
  pitch: -3.872977
