timestamps:
  login: 1338277312798
  logout: 1338277955758
ipAddress: 108.74.196.77
lastlocation:
  world: world
  x: -244.51671403048886
  y: 59.0
  z: 667.7048851161927
  yaw: -14.816162
  pitch: -68.39998
