timestamps:
  login: 1334493744558
  lastteleport: 1334493833574
  logout: 1334494023966
ipAddress: 125.238.77.125
lastlocation:
  world: world
  x: 2518.699999988079
  y: 83.0
  z: -514.6999999880791
  yaw: 98.041275
  pitch: 56.70002
