timestamps:
  login: 1336949264473
  logout: 1336949306253
  lastteleport: 1336934231617
ipAddress: 85.210.61.67
lastlocation:
  world: world
  x: 826.473785344732
  y: 63.0
  z: -1166.6859095533296
  yaw: -300.21365
  pitch: -3.1074116
