timestamps:
  login: 1336670486861
  logout: 1336670786614
  lastteleport: 1336596852147
ipAddress: 217.44.43.78
lastlocation:
  world: world
  x: 3580.601617062207
  y: 62.0
  z: 332.3786046821706
  yaw: -23.92794
  pitch: 29.35402
