timestamps:
  login: 1334082926221
  lastteleport: 1334082419970
  logout: 1334084043350
ipAddress: 78.69.209.128
lastlocation:
  world: world
  x: 258.4267172809049
  y: 76.0
  z: 279.80058840271215
  yaw: -152.2724
  pitch: 16.499994
