timestamps:
  login: 1335835955928
  lastteleport: 1335216199803
  logout: 1335836167648
ipAddress: 66.222.170.24
lastlocation:
  world: world
  x: 765.7180015044249
  y: 67.0
  z: -2017.1871738789696
  yaw: 128.27393
  pitch: 2.0999916
