timestamps:
  login: 1338665250840
  lastteleport: 1338663971644
  logout: 1338665289863
ipAddress: 144.137.64.186
lastlocation:
  world: world
  x: -24.235358924052562
  y: 77.0
  z: 454.8454712101984
  yaw: 315.30002
  pitch: 5.25002
