timestamps:
  login: 1338682964308
  logout: 1338683160096
ipAddress: 173.206.91.143
lastlocation:
  world: world
  x: -59.352633611793465
  y: 77.0
  z: 482.69999998807907
  yaw: -78.450035
  pitch: 36.59999
