timestamps:
  login: 1335406999211
  lastteleport: 1335406868144
  logout: 1335406991151
ipAddress: 71.190.81.30
lastlocation:
  world: world
  x: 833.3000000119209
  y: 65.0
  z: -2056.3634286151105
  yaw: -188.37488
  pitch: 90.0
