timestamps:
  login: 1335731254580
  lastteleport: 1335731350332
  logout: 1335731461319
ipAddress: 71.52.80.118
lastlocation:
  world: world
  x: 3859.5665474454554
  y: 71.0
  z: 321.9252149616569
  yaw: -86.154526
  pitch: 7.3502097
