timestamps:
  login: 1334067513457
  lastteleport: 1334067559381
  logout: 1334067621432
ipAddress: 92.236.223.196
lastlocation:
  world: world
  x: 403.2904072141518
  y: 68.0
  z: 168.52737233107982
  yaw: -180.17242
  pitch: 29.099724
