timestamps:
  login: 1335359501207
  lastteleport: 1335359758656
  logout: 1335360137898
ipAddress: 83.89.125.20
lastlocation:
  world: world
  x: 793.9682952731066
  y: 67.0
  z: -1996.5966106372375
  yaw: 274.67368
  pitch: 2.9999833
