timestamps:
  login: 1335051477905
  lastteleport: 1335051684647
  logout: 1335052168727
ipAddress: 76.115.153.45
lastlocation:
  world: world
  x: 3107.050105142682
  y: 80.0
  z: 1421.679277448743
  yaw: -356.91418
  pitch: 13.199985
money: 296.0
