timestamps:
  login: 1339982267357
  logout: 1339982358559
ipAddress: 72.94.62.28
lastlocation:
  world: world
  x: -198.19706560342343
  y: 63.0
  z: 606.4422554139895
  yaw: 60.749928
  pitch: 20.700022
