timestamps:
  login: 1335607075126
  lastteleport: 1335607375974
  logout: 1335607407066
ipAddress: 58.167.61.187
lastlocation:
  world: world
  x: 3891.508474926667
  y: 64.0
  z: 370.32513056988256
  yaw: 136.59544
  pitch: 20.100214
