timestamps:
  login: 1337677466327
  logout: 1337677580250
  lastteleport: 1337485319457
ipAddress: 173.17.177.132
lastlocation:
  world: world
  x: -50.74513224290077
  y: 74.0
  z: 436.11573100667846
  yaw: -155.55014
  pitch: -1.950048
