timestamps:
  login: 1336484331547
  lastteleport: 1336484400376
  logout: 1336484469204
ipAddress: 74.196.227.197
lastlocation:
  world: world
  x: 3860.125725378477
  y: 71.0
  z: 320.0111722656489
  yaw: 190.04504
  pitch: 12.003119
