timestamps:
  login: 1338592252707
  logout: 1338592409250
ipAddress: 82.33.80.208
lastlocation:
  world: world_nether
  x: 228.56940249168463
  y: 135.0
  z: 153.36987158589943
  yaw: -273.91498
  pitch: 6.450033
