timestamps:
  login: 1335563955250
  logout: 1335564540235
  lastteleport: 1335563675970
ipAddress: 174.51.147.7
lastlocation:
  world: world
  x: 3882.108167642328
  y: 80.0
  z: 314.4144853421723
  yaw: 265.74554
  pitch: 22.200218
