timestamps:
  login: 1339968842872
  logout: 1339968848561
ipAddress: 109.58.170.80
lastlocation:
  world: world
  x: -45.5
  y: 77.0
  z: 426.5
  yaw: -0.31994104
  pitch: 6.111282
