timestamps:
  login: 1335032940897
  logout: 1335033003126
  lastteleport: 1335032970608
ipAddress: 108.28.150.75
lastlocation:
  world: world
  x: 1485.5458125838688
  y: 70.0
  z: 176.26335805001074
  yaw: -110.72796
  pitch: 3.8934069
