timestamps:
  login: 1336710925520
  lastteleport: 1336710435512
  logout: 1336710925552
ipAddress: 68.4.38.197
lastlocation:
  world: world
  x: 817.0525175510779
  y: 74.0
  z: -689.9888505802354
  yaw: -13.558319
  pitch: 24.40649
