timestamps:
  login: 1338192843698
  logout: 1338192867791
ipAddress: 142.163.133.44
lastlocation:
  world: world
  x: -48.65864317523441
  y: 80.0
  z: 430.71241888876705
  yaw: -97.29385
  pitch: 12.47604
