timestamps:
  login: 1340618103697
  logout: 1340618153618
ipAddress: 75.81.11.102
lastlocation:
  world: world
  x: 48.04190957707377
  y: 74.0
  z: 521.4673592715892
  yaw: -40.350025
  pitch: 19.200008
