timestamps:
  login: 1336166493314
  lastteleport: 1336166635456
  logout: 1336166886399
ipAddress: 46.39.106.145
lastlocation:
  world: world
  x: 3891.518836298618
  y: 64.0
  z: 370.3405725952411
  yaw: 136.59544
  pitch: 20.100214
