timestamps:
  login: 1334190306415
  lastteleport: 1334190143371
  logout: 1334190533792
ipAddress: 24.15.238.135
lastlocation:
  world: world
  x: 402.1481733782785
  y: 64.0
  z: 143.6569840262746
  yaw: -102.62274
  pitch: 33.899757
money: 0.0
