timestamps:
  login: 1336231358779
  lastteleport: 1336231385668
  logout: 1336231394667
ipAddress: 108.7.217.244
lastlocation:
  world: world
  x: 3859.4357221299156
  y: 71.0
  z: 320.3782445548494
  yaw: 155.02739
  pitch: 8.426611
