timestamps:
  login: 1334948725243
  logout: 1334948821415
  lastteleport: 1334948809985
ipAddress: 86.84.87.198
lastlocation:
  world: world
  x: 1489.1717162261114
  y: 70.0
  z: 172.61034555616345
  yaw: 176.52202
  pitch: 2.9934313
