timestamps:
  login: 1336005393111
  lastteleport: 1336005436691
  logout: 1336005495520
ipAddress: 24.32.8.72
lastlocation:
  world: world
  x: 3861.0246416220702
  y: 71.0
  z: 320.5334481538904
  yaw: -201.32458
  pitch: 2.2826009
