timestamps:
  login: 1334358695825
  lastteleport: 1334358757323
  logout: 1334358895808
ipAddress: 98.242.51.155
lastlocation:
  world: world
  x: 402.4397941808316
  y: 64.0
  z: 150.91176220026858
  yaw: -6.322418
  pitch: 1.499725
