timestamps:
  login: 1334872941906
  lastteleport: 1334792875966
  logout: 1334873096499
ipAddress: 64.228.214.176
lastlocation:
  world: world
  x: 1558.7680397959007
  y: 67.0
  z: -184.00772132201683
  yaw: 186.8682
  pitch: 21.543396
money: 0.0
