timestamps:
  login: 1334004873814
  lastteleport: 1334004903541
  logout: 1334004930744
ipAddress: 151.16.176.208
lastlocation:
  world: world
  x: 403.8267305209792
  y: 67.0
  z: 122.17670655252746
  yaw: -184.37257
  pitch: 2.5497422
