timestamps:
  login: 1334530086536
  lastteleport: 1334530124430
  logout: 1334530340382
ipAddress: 74.90.216.2
lastlocation:
  world: world
  x: 1500.4241780070715
  y: 70.0
  z: 179.01478954357947
  yaw: -96.55072
  pitch: 5.764431
