timestamps:
  login: 1334005282074
  lastteleport: 1334005508794
  logout: 1334005592262
ipAddress: 98.178.183.126
lastlocation:
  world: world
  x: 403.9848957364595
  y: 68.0
  z: 182.30787694503223
  yaw: -178.14308
  pitch: 10.768192
money: 50.0
