timestamps:
  login: 1340676624750
  logout: 1340676654605
ipAddress: 68.109.187.117
lastlocation:
  world: world
  x: -92.39675053311773
  y: 74.0
  z: 383.1857797961456
  yaw: -228.7497
  pitch: -7.349993
