timestamps:
  login: 1335887831595
  lastteleport: 1335888134823
  logout: 1335888276988
ipAddress: 96.252.68.24
lastlocation:
  world: world
  x: 3826.1236838341124
  y: 87.0
  z: 220.23645312912535
  yaw: 164.04492
  pitch: 18.899996
