timestamps:
  login: 1333924723267
  lastteleport: 1333924967515
  logout: 1333925096874
ipAddress: 190.145.59.202
lastlocation:
  world: world
  x: 371.38485657837174
  y: 87.0
  z: 966.9469323328555
  yaw: -184.67111
  pitch: 40.049984
