timestamps:
  login: 1335613083352
  lastteleport: 1335613434417
  logout: 1335613461910
ipAddress: 81.226.29.179
lastlocation:
  world: world
  x: 3891.508474926667
  y: 64.0
  z: 370.32513056988256
  yaw: 136.59544
  pitch: 20.100214
