timestamps:
  login: 1334190312057
  logout: 1334190358792
ipAddress: 62.198.116.20
lastlocation:
  world: world
  x: 396.5
  y: 68.02617885946371
  z: 204.5
  yaw: -0.16694939
  pitch: 0.0
money: 180.0
