timestamps:
  login: 1338255993616
  logout: 1338256081685
ipAddress: 86.30.88.175
lastlocation:
  world: world
  x: -45.37380232630955
  y: 79.92159999847412
  z: 430.0350795590202
  yaw: -80.49802
  pitch: 19.300253
