timestamps:
  login: 1335048565596
  logout: 1335049030765
  lastteleport: 1335048699841
ipAddress: 71.178.161.65
lastlocation:
  world: world
  x: 3056.8310911083286
  y: 62.0
  z: 1476.4875533648176
  yaw: -208.07544
  pitch: 32.19646
money: 299.0
