timestamps:
  login: 1338558354276
  lastteleport: 1338559207078
  logout: 1338559428467
ipAddress: 203.97.253.193
lastlocation:
  world: world
  x: -199.9318769875332
  y: 65.0
  z: 631.5676752356483
  yaw: -86.53888
  pitch: 64.35652
money: 2.0
