timestamps:
  login: 1335406503017
  lastteleport: 1335407317613
  logout: 1335407719909
ipAddress: 68.102.145.14
lastlocation:
  world: world
  x: 740.6171160587002
  y: 73.0
  z: -1991.820069319515
  yaw: -206.82639
  pitch: 10.799997
