timestamps:
  login: 1338345863882
  lastteleport: 1338330652710
  logout: 1338345868089
ipAddress: 78.69.12.161
lastlocation:
  world: world
  x: -49.5
  y: 80.0
  z: 428.5
  yaw: -121.59813
  pitch: 20.350252
