timestamps:
  login: 1340249367898
  logout: 1340249416932
ipAddress: 24.127.0.114
lastlocation:
  world: world
  x: 34.17395012900819
  y: 74.0
  z: 505.5332854318125
  yaw: -43.35002
  pitch: 3.0000067
ban:
  reason: ''
