timestamps:
  login: 1340474496870
  lastteleport: 1340474527027
  logout: 1340474618922
ipAddress: 62.131.100.51
lastlocation:
  world: world
  x: -86.19316482148373
  y: 74.0
  z: 466.87029373722294
  yaw: -136.48166
  pitch: 3.1983945
