timestamps:
  login: 1334800688260
  lastteleport: 1334801440833
  logout: 1334802250614
ipAddress: 66.189.230.2
lastlocation:
  world: world
  x: 3608.8283989423608
  y: 32.0
  z: 1707.6850713044148
  yaw: -215.32732
  pitch: -11.400023
