timestamps:
  login: 1340491425635
  logout: 1340491459920
ipAddress: 174.29.78.227
lastlocation:
  world: world
  x: -126.99828234275878
  y: 74.0
  z: 344.97381919464544
  yaw: 139.35002
  pitch: 20.400024
