timestamps:
  login: 1335361376921
  lastteleport: 1335361996880
  logout: 1335362774660
ipAddress: 75.1.248.61
lastlocation:
  world: world
  x: 790.9740372496329
  y: 67.0
  z: -2012.5792186155027
  yaw: -132.64246
  pitch: 0.3168013
money: 0.0
