timestamps:
  login: 1338067738524
  lastteleport: 1338031367341
  logout: 1338067846605
ipAddress: 204.112.168.81
lastlocation:
  world: world
  x: -49.5
  y: 80.0
  z: 428.5
  yaw: -66.84813
  pitch: 23.350252
