timestamps:
  login: 1335210249117
  lastteleport: 1335210436393
  logout: 1335210545625
ipAddress: 74.74.186.70
lastlocation:
  world: world
  x: 733.3000000119209
  y: 73.0
  z: -1990.433617182358
  yaw: 268.6738
  pitch: 12.1500025
money: 167024.0
homes:
  home:
    world: world
    x: -6781.06110210187
    y: 13.0
    z: -6507.699999988079
    yaw: 188.37634
    pitch: 43.350018
ban:
  reason: your the griefer
  timeout: 0
