timestamps:
  login: 1334282013180
  logout: 1334282039117
  lastteleport: 1334281997077
ipAddress: 76.90.35.244
lastlocation:
  world: world
  x: 402.9349768486364
  y: 68.0
  z: 195.7711529491929
  yaw: -180.92247
  pitch: 20.099731
