timestamps:
  login: 1338582742120
  lastteleport: 1337422689243
  logout: 1338582752628
ipAddress: 67.191.250.130
lastlocation:
  world: world_nether
  x: 275.27829906967617
  y: 128.0
  z: 136.10433537290177
  yaw: -107.41507
  pitch: 17.700035
