timestamps:
  login: 1336062854819
  logout: 1336062864612
  lastteleport: 1335888692445
ipAddress: 84.211.120.153
lastlocation:
  world: world
  x: 3633.310575749718
  y: 71.0
  z: 1803.1950343167175
  yaw: -95.77834
  pitch: 11.836527
