timestamps:
  login: 1338190256269
  lastteleport: 1338171020715
  logout: 1338190320587
ipAddress: 174.95.134.28
lastlocation:
  world: world
  x: -7.164620461612454
  y: 77.0
  z: 390.0694526375741
  yaw: -130.00961
  pitch: 4.5212
money: 0.0
