timestamps:
  login: 1334955043634
  lastteleport: 1334955199460
  logout: 1334955385165
ipAddress: 108.29.127.197
lastlocation:
  world: world
  x: 3055.3300341279673
  y: 62.0
  z: 1475.9346886597205
  yaw: 184.02151
  pitch: 27.879639
