timestamps:
  login: 1340557491563
  logout: 1340557549688
ipAddress: 64.33.131.3
lastlocation:
  world: world
  x: -90.9525141326842
  y: 74.0
  z: 474.1534769180923
  yaw: 40.34999
  pitch: -1.7999762
