timestamps:
  login: 1338188029644
  logout: 1338189735636
ipAddress: 24.163.38.198
lastlocation:
  world: world
  x: 98.5425771800582
  y: 66.0
  z: 210.94816786316892
  yaw: -139.16418
  pitch: 13.262019
