timestamps:
  login: 1335558937031
  lastteleport: 1335559096243
  logout: 1335559111422
ipAddress: 82.29.221.164
lastlocation:
  world: world
  x: 3839.300000011921
  y: 86.0
  z: 242.73814290392664
  yaw: -270.35455
  pitch: 18.4502
