timestamps:
  login: 1337849803248
  logout: 1337850549540
  lastteleport: 1337332951900
ipAddress: 71.72.129.208
lastlocation:
  world: world
  x: 3.625054901028581
  y: 91.0
  z: 367.30000001192093
  yaw: 230.25023
  pitch: -39.899982
