timestamps:
  login: 1337843093002
  lastteleport: 1337323889008
  logout: 1337843113735
ipAddress: 68.229.71.162
lastlocation:
  world: world
  x: 69.4808487928641
  y: 63.015625
  z: 612.4309605293624
  yaw: -64.20065
  pitch: 33.44994
