timestamps:
  login: 1338288212898
  logout: 1338288883372
  lastteleport: 1338288234934
ipAddress: 108.221.204.15
lastlocation:
  world: world
  x: -196.69999998807907
  y: 58.0
  z: 263.4656162425692
  yaw: -97.29822
  pitch: 90.0
homes:
  home:
    world: world
    x: 2940.0951718446054
    y: 65.0
    z: 2739.8225994291934
    yaw: -99.2599
    pitch: 24.186277
