timestamps:
  login: 1338659910554
  logout: 1338659999057
  lastteleport: 1338659943884
ipAddress: 83.243.131.28
lastlocation:
  world: world_nether
  x: 149.04089821174097
  y: 128.0
  z: 103.33495388121696
  yaw: -217.06506
  pitch: -38.850018
