timestamps:
  login: 1340392096022
  logout: 1340392098328
ipAddress: 88.207.220.163
lastlocation:
  world: world
  x: 1.1013521372888657
  y: 74.0
  z: 447.7519096194204
  yaw: -320.55835
  pitch: 3.6973186
