timestamps:
  login: 1334692001321
  logout: 1334692031154
  lastteleport: 1334692009786
ipAddress: 76.65.5.215
lastlocation:
  world: world
  x: 1487.6562614309835
  y: 70.0
  z: 180.524952233522
  yaw: -155.72821
  pitch: 10.799996
