timestamps:
  login: 1335238313761
  lastteleport: 1335238436388
  logout: 1335238670987
ipAddress: 69.76.57.25
lastlocation:
  world: world
  x: 3803.3091091610886
  y: 64.0
  z: 1906.6204263463828
  yaw: 352.82974
  pitch: 19.049995
