timestamps:
  login: 1334065769739
  lastteleport: 1334065900790
  logout: 1334065949629
ipAddress: 121.214.113.236
lastlocation:
  world: world
  x: 403.3804634085421
  y: 68.0
  z: 196.6275665194099
  yaw: -180.47247
  pitch: 21.749731
