timestamps:
  lastteleport: 1339856081744
  logout: 1339856162685
  login: 1339855583970
lastlocation:
  world: world
  x: 1033.300000011921
  y: 63.0
  z: 458.69999998807907
  yaw: -318.67725
  pitch: 7.720277
ipAddress: 98.194.112.163
homes:
  home:
    world: world
    x: 1493.7303165047508
    y: 73.74999999999996
    z: 181.70308581775038
    yaw: 134.7403
    pitch: 26.881859
nickname: ยง6Fallenchamp
money: 1.0000000028E10
