timestamps:
  login: 1334375602385
  lastteleport: 1334375761243
  logout: 1334375882334
ipAddress: 50.83.216.225
lastlocation:
  world: world
  x: 403.45031984744816
  y: 68.0
  z: 178.9611735333468
  yaw: -177.62244
  pitch: 26.249731
money: 490.0
