timestamps:
  login: 1337399911835
  lastteleport: 1337399925430
  logout: 1337400050575
ipAddress: 76.68.233.73
lastlocation:
  world: world
  x: -45.25802961151317
  y: 77.0
  z: 425.68626205839536
  yaw: -181.35023
  pitch: 22.199959
