timestamps:
  login: 1336492383061
  lastteleport: 1336492528690
  logout: 1336492588378
ipAddress: 194.46.182.234
lastlocation:
  world: world
  x: 3858.8636537268017
  y: 71.0
  z: 320.13202165563234
  yaw: 299.94537
  pitch: 7.350223
money: 60.0
