timestamps:
  login: 1333997954254
  lastteleport: 1333998100595
  logout: 1333998202701
ipAddress: 83.251.219.25
lastlocation:
  world: world
  x: 403.728154751871
  y: 68.0
  z: 171.45153636029923
  yaw: -181.9725
  pitch: 13.49973
money: 100.0
