timestamps:
  login: 1333938170514
  lastteleport: 1333939817634
  logout: 1333939901654
ipAddress: 68.150.155.50
lastlocation:
  world: world
  x: 378.112742767639
  y: 89.5
  z: 985.1680526402772
  yaw: -34.3014
  pitch: 28.167572
