timestamps:
  login: 1340694191888
  lastteleport: 1340694399432
  logout: 1340694504655
ipAddress: 98.247.26.204
lastlocation:
  world: world
  x: -39.134500399715634
  y: 83.5
  z: 425.5989671374484
  yaw: 187.94989
  pitch: -13.499991
