timestamps:
  login: 1334006334130
  logout: 1334007660140
  lastteleport: 1334007649844
ipAddress: 82.2.30.215
lastlocation:
  world: world
  x: 403.3804634085421
  y: 68.0
  z: 196.6275665194099
  yaw: -180.47247
  pitch: 21.749731
money: 50.0
