timestamps:
  login: 1336955075965
  logout: 1336956021940
  lastteleport: 1336955777046
ipAddress: 74.11.12.146
lastlocation:
  world: world
  x: 828.290898772369
  y: 63.0
  z: -1080.6443534295968
  yaw: 313.1649
  pitch: -5.6475735
ban:
  reason: spam
