timestamps:
  login: 1335119798087
  lastteleport: 1335036308438
  logout: 1335119823981
ipAddress: 108.6.247.4
lastlocation:
  world: world
  x: 3185.5
  y: 84.62000000476837
  z: 572.5
  yaw: 0.0
  pitch: 0.0
homes:
  home:
    world: world
    x: -161.30000001192093
    y: 61.0
    z: 1260.8641953966962
    yaw: -240.5849
    pitch: 35.423706
