timestamps:
  login: 1340587175216
  logout: 1340588027585
ipAddress: 76.24.194.39
lastlocation:
  world: world_nether
  x: 273.2118233509663
  y: 128.0
  z: 137.11624222681527
  yaw: -295.36505
  pitch: 16.050034
