timestamps:
  login: 1333984141824
  lastteleport: 1333984743774
  logout: 1333984784106
ipAddress: 46.194.60.190
lastlocation:
  world: world
  x: 376.50091880984854
  y: 66.0
  z: 968.3966947410419
  yaw: 209.22874
  pitch: 23.999983
