timestamps:
  login: 1335643732713
  logout: 1335643896033
  lastteleport: 1335643777896
ipAddress: 66.32.210.73
lastlocation:
  world: world
  x: 3860.5098453772353
  y: 71.0
  z: 320.38192769060873
  yaw: 181.59543
  pitch: -6.4497795
