timestamps:
  login: 1334175270794
  lastteleport: 1334174096017
  logout: 1334176063746
ipAddress: 76.106.10.6
lastlocation:
  world: world
  x: 224.91150645612464
  y: 69.0
  z: 660.2060278165156
  yaw: -45.102604
  pitch: 5.455999
money: 40.0
