timestamps:
  login: 1335630519486
  logout: 1335630527571
ipAddress: 64.180.151.7
lastlocation:
  world: world
  x: 3835.3606613807297
  y: 71.0
  z: 287.57859541810444
  yaw: -2.904358
  pitch: 26.54999
