timestamps:
  login: 1338833776500
  logout: 1338833777046
ipAddress: 86.11.250.143
lastlocation:
  world: world
  x: -43.832552879167714
  y: 77.0
  z: 426.20155536341406
  yaw: 236.25002
  pitch: 26.400015
