timestamps:
  login: 1334189315271
  lastteleport: 1334189672636
  logout: 1334189700872
ipAddress: 94.8.211.141
lastlocation:
  world: world
  x: 224.09345369789574
  y: 66.0
  z: 724.7438045000767
  yaw: 323.82135
  pitch: 2.2848253
