timestamps:
  login: 1340054190461
  logout: 1340054893079
ipAddress: 68.44.12.11
lastlocation:
  world: world
  x: -335.46185973098136
  y: 63.0
  z: 511.88904498674697
  yaw: 151.40437
  pitch: 20.454725
ban:
  reason: ''
