timestamps:
  login: 1336076429518
  lastteleport: 1336076894964
  logout: 1336076991157
ipAddress: 79.78.221.226
lastlocation:
  world: world
  x: 3922.327064537153
  y: 72.0
  z: 1532.116011886863
  yaw: -102.717285
  pitch: 21.857164
money: 0.0
