timestamps:
  login: 1335744552121
  lastteleport: 1335744288666
  logout: 1335744651866
ipAddress: 173.189.192.231
lastlocation:
  world: world
  x: 3878.570368758331
  y: 64.0
  z: 352.26081553736316
  yaw: 156.39543
  pitch: 8.70001
