timestamps:
  login: 1336997443393
  logout: 1336997534456
  lastteleport: 1336997483120
ipAddress: 96.53.100.106
lastlocation:
  world: world
  x: 737.4153320525081
  y: 54.0
  z: -994.6784959087515
  yaw: -101.099976
  pitch: 21.600012
