timestamps:
  login: 1338214842272
  lastteleport: 1338214966578
  logout: 1338215531098
ipAddress: 58.173.19.69
lastlocation:
  world: world
  x: 153.69999998807907
  y: 66.0
  z: 626.3000000119209
  yaw: -335.64792
  pitch: 25.600256
