timestamps:
  login: 1334684228751
  lastteleport: 1334684289332
  logout: 1334684991072
ipAddress: 109.189.140.216
lastlocation:
  world: world
  x: 1500.5983243708774
  y: 70.0
  z: 178.30193549175314
  yaw: -98.79367
  pitch: 5.1208215
