timestamps:
  login: 1334214898782
  lastteleport: 1334193782635
  logout: 1334214950107
ipAddress: 124.185.216.239
lastlocation:
  world: world
  x: 403.54914737424946
  y: 68.0
  z: 186.91638992487046
  yaw: -179.12248
  pitch: 19.649733
