timestamps:
  login: 1334189114924
  lastteleport: 1334189630886
  logout: 1334189660822
ipAddress: 122.107.127.142
lastlocation:
  world: world
  x: 401.92500001192093
  y: 64.0
  z: 152.45173460732516
  yaw: -0.4725082
  pitch: 15.599713
