timestamps:
  login: 1334001557457
  lastteleport: 1334005099662
  logout: 1334005997841
ipAddress: 98.231.111.59
lastlocation:
  world: world
  x: 403.2040939752431
  y: 64.0
  z: 142.479695019249
  yaw: -346.86658
  pitch: 13.131706
homes:
  home:
    world: world
    x: 33.30000001192092
    y: 63.0
    z: 794.6999999880791
    yaw: 206.58752
    pitch: 10.946153
money: 50.0
