timestamps:
  login: 1338429498870
  logout: 1338429526193
ipAddress: 81.205.252.96
lastlocation:
  world: world
  x: -265.40477690896483
  y: 71.0
  z: 671.1324279318866
  yaw: 278.2441
  pitch: 25.597673
