timestamps:
  login: 1335488973544
  lastteleport: 1335489092271
  logout: 1335489324783
ipAddress: 173.188.215.120
lastlocation:
  world: world
  x: 768.463931307475
  y: 67.0
  z: -2014.6868033195624
  yaw: 141.16309
  pitch: 13.135554
