timestamps:
  login: 1336337001537
  lastteleport: 1336337163058
  logout: 1336337290478
ipAddress: 69.248.72.43
lastlocation:
  world: world
  x: 3915.526291790908
  y: 87.0
  z: 238.4751240679617
  yaw: 68.19531
  pitch: -4.7997875
