timestamps:
  login: 1338369336519
  lastteleport: 1336515215594
  logout: 1338369359798
ipAddress: 74.75.53.196
lastlocation:
  world: world
  x: -46.19740656738835
  y: 77.0
  z: 420.8975687132336
  yaw: -162.2481
  pitch: 17.950254
