timestamps:
  login: 1336923560221
  lastteleport: 1336248568109
  logout: 1336923571277
  mute: 0
ipAddress: 65.94.132.89
lastlocation:
  world: world
  x: 3888.62253411678
  y: 64.0
  z: 367.771698641613
  yaw: 122.6552
  pitch: 14.841308
money: 1050.0
muted: false
