timestamps:
  login: 1335989623859
  lastteleport: 1335989638360
  logout: 1335989701592
ipAddress: 65.60.164.105
lastlocation:
  world: world
  x: 3879.555138786702
  y: 64.0
  z: 354.6572179941181
  yaw: 147.57703
  pitch: 16.772478
