timestamps:
  login: 1334026588704
  logout: 1334026755515
  lastteleport: 1333941676295
ipAddress: 96.41.5.252
lastlocation:
  world: world
  x: 358.0339931107835
  y: 64.0
  z: 964.7303881663605
  yaw: -32.825382
  pitch: 5.5445795
