timestamps:
  login: 1333995045218
  lastteleport: 1333991283084
  logout: 1333995864748
ipAddress: 98.218.25.13
lastlocation:
  world: world
  x: 403.67045638902727
  y: 68.0
  z: 166.76381540701206
  yaw: -182.38545
  pitch: 22.132399
