timestamps:
  login: 1333923173310
  lastteleport: 1333923256817
  logout: 1333923460504
ipAddress: 24.189.76.34
lastlocation:
  world: world
  x: 388.72238877701216
  y: 82.0
  z: 978.0838041010957
  yaw: 76.95886
  pitch: -4.187538
