timestamps:
  login: 1340079034415
  logout: 1340079065009
ipAddress: 24.236.134.171
lastlocation:
  world: world
  x: -12.83033162718783
  y: 74.0
  z: 395.2790363760375
  yaw: 218.85011
  pitch: 21.299957
