timestamps:
  login: 1335731482033
  lastteleport: 1335731355330
  logout: 1335731606269
ipAddress: 64.7.134.132
lastlocation:
  world: world
  x: 3352.699999988079
  y: 1.0
  z: 1745.5305093581926
  yaw: 86.21387
  pitch: 57.313026
money: 155.0
