timestamps:
  login: 1340474429747
  logout: 1340474628910
ipAddress: 62.131.100.51
lastlocation:
  world: world
  x: -79.75338622270368
  y: 93.0
  z: 461.9677934070356
  yaw: -324.62305
  pitch: 48.254116
