timestamps:
  login: 1335927461963
  logout: 1335927462338
  lastteleport: 1335910861857
ipAddress: 23.17.62.34
lastlocation:
  world: world
  x: 3888.6872678990057
  y: 65.0
  z: 370.9611672042736
  yaw: 163.4461
  pitch: 26.700224
money: 297.0
