timestamps:
  login: 1338674886143
  logout: 1338674963043
  lastteleport: 1335740385642
ipAddress: 173.73.100.29
lastlocation:
  world: world
  x: 48.78112944013061
  y: 69.0
  z: 189.23799495289566
  yaw: 57.8031
  pitch: 10.05004
money: 0.0
