timestamps:
  login: 1340866739086
  lastteleport: 1340866816327
  logout: 1340867098148
ipAddress: 95.169.42.151
lastlocation:
  world: world
  x: 1012.3013971146054
  y: 44.0
  z: 506.69999998807907
  yaw: 125.723175
  pitch: 1.7272717
