timestamps:
  login: 1334002829041
  lastteleport: 1334002850443
  logout: 1334002908980
ipAddress: 184.2.75.80
lastlocation:
  world: world
  x: 403.5050389058497
  y: 68.0
  z: 166.97996639974102
  yaw: -185.46407
  pitch: 17.756443
