timestamps:
  login: 1335911075271
  lastteleport: 1335888637698
  logout: 1335911085993
ipAddress: 189.11.18.59
lastlocation:
  world: world
  x: 2529.449963121735
  y: 64.0
  z: 1430.2005044602745
  yaw: 91.18945
  pitch: 14.099982
