timestamps:
  login: 1338372058577
  logout: 1338372121173
ipAddress: 96.54.240.29
lastlocation:
  world: world
  x: -101.25643953383795
  y: 77.0
  z: 405.210956821055
  yaw: 134.27032
  pitch: 18.08782
