timestamps:
  login: 1335210524573
  lastteleport: 1335210619990
  logout: 1335211115579
ipAddress: 108.8.126.29
lastlocation:
  world: world
  x: 765.3715565211089
  y: 67.0
  z: -2016.3778171540648
  yaw: 134.12369
  pitch: 46.2
