timestamps:
  login: 1336698658926
  lastteleport: 1336698888832
  logout: 1336698970157
ipAddress: 68.116.131.171
lastlocation:
  world: world
  x: 787.5
  y: 63.0
  z: -1142.5
  yaw: -180.00102
  pitch: 3.008409
ban:
  reason: Hacked client
