timestamps:
  login: 1335305063008
  lastteleport: 1335305269406
  logout: 1335305432599
ipAddress: 74.194.152.101
lastlocation:
  world: world
  x: 1836.040640751302
  y: 63.0
  z: -685.386009693282
  yaw: -39.926025
  pitch: -1.4565765
