timestamps:
  login: 1338097290014
  lastteleport: 1335282980639
  logout: 1338097305304
ipAddress: 68.183.93.234
lastlocation:
  world: world
  x: 73.30000001192093
  y: 69.0
  z: 237.69999998807907
  yaw: -317.19382
  pitch: 22.68599
