timestamps:
  login: 1340146222358
  lastteleport: 1340144454100
  logout: 1340146471391
ipAddress: 108.2.101.245
lastlocation:
  world: world
  x: 2367.8794313602257
  y: 63.0
  z: 1247.182778837629
  yaw: -17.73872
  pitch: 7.199965
