timestamps:
  login: 1333924326663
  lastteleport: 1333924569914
  logout: 1333924685504
ipAddress: 76.11.87.10
lastlocation:
  world: world
  x: 376.69999998807907
  y: 74.0
  z: 977.7781247345739
  yaw: 274.68198
  pitch: 28.68055
