timestamps:
  login: 1333999826217
  lastteleport: 1333999921645
  logout: 1334000334238
ipAddress: 86.177.11.89
lastlocation:
  world: world
  x: 402.30000001192093
  y: 64.0
  z: 145.14374420269903
  yaw: -150.92203
  pitch: 18.299734
