timestamps:
  login: 1340064770382
  logout: 1340064834585
  lastteleport: 1340064820577
ipAddress: 119.224.63.220
lastlocation:
  world: world
  x: -80.00102793109099
  y: 75.0
  z: 450.27265652268585
  yaw: 182.4
  pitch: 25.199991
