timestamps:
  login: 1334453758698
  lastteleport: 1334454007755
  logout: 1334454054185
ipAddress: 99.250.70.223
lastlocation:
  world: world
  x: 1487.8988712351213
  y: 70.0
  z: 194.59754114067417
  yaw: -176.12802
  pitch: -10.206571
