timestamps:
  login: 1335744763512
  logout: 1335744801901
  lastteleport: 1335744782267
ipAddress: 24.243.160.51
lastlocation:
  world: world
  x: 3859.122476021082
  y: 71.0
  z: 320.93565677849165
  yaw: 185.94539
  pitch: 1.200219
