timestamps:
  login: 1335482746774
  lastteleport: 1335484782650
  logout: 1335485939277
ipAddress: 24.243.160.51
lastlocation:
  world: world
  x: 742.2714517212218
  y: 73.0
  z: -1990.6339383782743
  yaw: 82.824036
  pitch: 13.200003
