timestamps:
  login: 1337920086084
  logout: 1337920116376
  lastteleport: 1337641683200
ipAddress: 74.115.3.61
lastlocation:
  world: world
  x: -39.96804391976893
  y: 74.5
  z: 421.81293946253953
  yaw: -105.263435
  pitch: -1.4987744
