timestamps:
  login: 1335655541530
  logout: 1335626675844
  lastteleport: 1335626601533
ipAddress: 97.117.203.194
lastlocation:
  world: world
  x: 3798.100172423732
  y: 64.0
  z: 1908.2644791678051
  yaw: 359.58038
  pitch: 13.500034
money: 70.0
