timestamps:
  login: 1334913309955
  logout: 1334913344871
  lastteleport: 1334905847577
ipAddress: 174.26.249.10
lastlocation:
  world: world
  x: 1718.699999988079
  y: 39.0
  z: -152.23562226209205
  yaw: -22.981577
  pitch: -62.099995
money: 299.0
