timestamps:
  login: 1335577930500
  lastteleport: 1335214551606
  logout: 1335577924785
ipAddress: 71.171.81.134
lastlocation:
  world: world
  x: 733.3000000119209
  y: 73.0
  z: -1990.433617182358
  yaw: -75.3898
  pitch: 88.7712
money: 298.0
