timestamps:
  login: 1335386042370
  logout: 1335386190208
  lastteleport: 1335386051926
ipAddress: 98.94.162.29
lastlocation:
  world: world
  x: 789.0749999880791
  y: 68.0
  z: -1999.7732245743682
  yaw: 105.77365
  pitch: -6.4500027
