timestamps:
  login: 1340477254179
  logout: 1340477363909
ipAddress: 75.70.228.71
lastlocation:
  world: world
  x: 114.69999998807901
  y: 23.419999986886978
  z: 369.2780475331398
  yaw: -99.78079
  pitch: -8.631038
ban:
  reason: your the most fuckedup person ever, i hope you fuck your mom and die in a hole
