timestamps:
  login: 1335746941454
  logout: 1335746638794
  lastteleport: 1335213547045
ipAddress: 76.16.154.205
lastlocation:
  world: world
  x: 762.9481108091393
  y: 67.0
  z: -2016.5460792617012
  yaw: 97.824
  pitch: 3.300009
