timestamps:
  login: 1334693337740
  lastteleport: 1334693521073
  logout: 1334693799641
ipAddress: 184.52.57.14
lastlocation:
  world: world
  x: 1506.699999988079
  y: 70.0
  z: 173.07499998807907
  yaw: 273.42465
  pitch: 13.815856
