timestamps:
  login: 1340576346691
  logout: 1340576460154
ipAddress: 99.112.92.223
lastlocation:
  world: world
  x: 38.54212438105401
  y: 74.5
  z: 347.13917313454624
  yaw: -40.100403
  pitch: 70.3392
