timestamps:
  login: 1333923640966
  logout: 1333924085504
  lastteleport: 1333924058214
ipAddress: 66.57.89.183
lastlocation:
  world: world
  x: 375.30953875427974
  y: 89.5
  z: 977.7641668636606
  yaw: -265.67105
  pitch: 8.249982
