timestamps:
  login: 1335209165049
  lastteleport: 1335209215290
  logout: 1335209336563
ipAddress: 86.155.37.135
lastlocation:
  world: world
  x: 762.6059565170173
  y: 67.0
  z: -2017.2142843748084
  yaw: 105.92388
  pitch: 16.64998
