timestamps:
  login: 1336005174080
  logout: 1336005266277
  lastteleport: 1336005231506
ipAddress: 69.142.161.32
lastlocation:
  world: world
  x: 3729.6434671149923
  y: 30.0
  z: 96.93900529700721
  yaw: -21.804237
  pitch: 8.999984
