timestamps:
  login: 1339549164860
  logout: 1339549492849
  lastteleport: 1339549255200
ipAddress: 71.106.68.151
lastlocation:
  world: world
  x: -113.04416045522723
  y: 75.5
  z: 406.36650336814915
  yaw: -29.56197
  pitch: 17.553337
ban:
  reason: Cuz you gay
