timestamps:
  login: 1341069878273
  logout: 1341070020176
ipAddress: 98.93.72.148
lastlocation:
  world: world
  x: -42.34718491545395
  y: 74.0
  z: 452.44602316611133
  yaw: 124.19928
  pitch: 18.60001
