timestamps:
  login: 1336348866304
  lastteleport: 1336303970363
  logout: 1336348894880
ipAddress: 66.57.89.183
lastlocation:
  world: world
  x: 2231.2750525296233
  y: 241.0
  z: 366.69999998807907
  yaw: -185.25928
  pitch: 12.599765
money: 298.0
