timestamps:
  login: 1340827041690
  lastteleport: 1339982850603
  logout: 1340827314261
ipAddress: 99.103.33.210
lastlocation:
  world: world
  x: 1105.622438001373
  y: 54.0
  z: 422.0571125364995
  yaw: -296.78482
  pitch: 3.4625716
