timestamps:
  login: 1336352081268
  logout: 1336352124636
  lastteleport: 1335730012900
ipAddress: 71.228.60.157
lastlocation:
  world: world
  x: 3891.360141772761
  y: 64.0
  z: 370.168310940915
  yaw: 136.59544
  pitch: 20.100214
money: 375.0
