timestamps:
  login: 1336422982669
  lastteleport: 1336232550477
  logout: 1336423005755
ipAddress: 24.102.169.220
lastlocation:
  world: world
  x: 3785.081803945584
  y: 88.0
  z: -474.65002508958435
  yaw: -90.053825
  pitch: 18.75
