timestamps:
  login: 1334889970865
  lastteleport: 1334855941737
  logout: 1334890099018
ipAddress: 24.163.121.54
lastlocation:
  world: world
  x: 2374.6588074863857
  y: 40.0
  z: -301.81184035456516
  yaw: -357.93375
  pitch: 14.699989
