timestamps:
  login: 1335482529226
  lastteleport: 1335482533832
  logout: 1335482562313
ipAddress: 68.36.209.109
lastlocation:
  world: world
  x: 735.4422090876085
  y: 73.0
  z: -1990.5450701735238
  yaw: 268.6738
  pitch: 12.1500025
