timestamps:
  login: 1335554636635
  lastteleport: 1335555368535
  logout: 1335555444074
ipAddress: 68.186.153.12
lastlocation:
  world: world
  x: 3889.295554891226
  y: 64.0
  z: 367.96438002819474
  yaw: 136.59544
  pitch: 20.100214
