timestamps:
  login: 1338282268565
  logout: 1338283696747
  mute: 0
ipAddress: 71.230.133.153
lastlocation:
  world: world
  x: -474.19257236620547
  y: 63.0
  z: -235.76133163994467
  yaw: 69.14347
  pitch: 31.363802
muted: false
