timestamps:
  login: 1335838932839
  lastteleport: 1335575341723
  logout: 1335839542113
ipAddress: 96.48.140.59
lastlocation:
  world: world
  x: 3868.082164664464
  y: 77.0
  z: 314.84952922007614
  yaw: 248.94539
  pitch: 12.450211
