timestamps:
  login: 1338158316031
  logout: 1338158371895
  lastteleport: 1338140760808
ipAddress: 82.176.128.168
lastlocation:
  world: world
  x: 875.7930915521832
  y: 64.0
  z: -1472.6182478507055
  yaw: 4.067496
  pitch: 11.438333
