timestamps:
  login: 1336175759807
  lastteleport: 1336163833608
  logout: 1336175787707
ipAddress: 173.70.59.35
lastlocation:
  world: world
  x: 3863.4567997736285
  y: 48.0
  z: 435.23662931731695
  yaw: 153.24487
  pitch: 7.650217
