timestamps:
  login: 1335408901762
  logout: 1335409379905
  lastteleport: 1335409210160
ipAddress: 50.138.18.79
lastlocation:
  world: world
  x: 4895.179193919626
  y: 65.0
  z: 308.380144509407
  yaw: 21.235718
  pitch: 58.91852
money: 40.0
