timestamps:
  login: 1335892600801
  lastteleport: 1335892628703
  logout: 1335892843543
ipAddress: 82.146.74.64
lastlocation:
  world: world
  x: 3896.379852505076
  y: 87.0
  z: 269.53330865114356
  yaw: 6.6937027
  pitch: 4.199989
