timestamps:
  login: 1340850933511
  lastteleport: 1340679889792
  logout: 1340850961600
ipAddress: 76.169.184.153
lastlocation:
  world: world
  x: 2301.294277335641
  y: 59.33681480999284
  z: 1202.2289574406327
  yaw: 298.56107
  pitch: 4.360424
