timestamps:
  login: 1335217502842
  logout: 1334106259720
  lastteleport: 1335217073467
ipAddress: 99.142.63.252
lastlocation:
  world: world
  x: 518.0454141268368
  y: 71.17675927506424
  z: -2304.1196081550625
  yaw: 97.52549
  pitch: 21.36071
