timestamps:
  login: 1336322056490
  lastteleport: 1335903022201
  logout: 1336322081478
  mute: 0
ipAddress: 174.93.145.65
lastlocation:
  world: world
  x: 3471.5085714369147
  y: 64.0
  z: 1850.3871126558224
  yaw: -28.578394
  pitch: -1.0499974
money: 37.0
muted: true
