timestamps:
  login: 1335212867588
  lastteleport: 1335212922753
  logout: 1335212936135
ipAddress: 74.176.233.96
lastlocation:
  world: world
  x: 770.8772529970794
  y: 67.0
  z: -2015.5441680527588
  yaw: 104.573875
  pitch: 21.300013
