timestamps:
  login: 1334272571273
  lastteleport: 1334272651383
  logout: 1334272767508
ipAddress: 98.237.111.237
lastlocation:
  world: world
  x: 403.47552830377197
  y: 67.0
  z: 122.31823013891733
  yaw: -184.97243
  pitch: 4.199729
