timestamps:
  login: 1334439902460
  lastteleport: 1334440450792
  logout: 1334440556517
ipAddress: 122.104.146.59
lastlocation:
  world: world
  x: 1490.4438658421586
  y: 70.0
  z: 194.29839895994755
  yaw: -120.02801
  pitch: 14.693431
