timestamps:
  login: 1334865058428
  lastteleport: 1334442340452
  logout: 1334865064474
ipAddress: 74.133.169.199
lastlocation:
  world: world
  x: 1489.8030701271368
  y: 70.0
  z: 195.17047299103407
  yaw: -168.62802
  pitch: -7.3565702
