timestamps:
  login: 1334081647869
  lastteleport: 1334081728570
  logout: 1334081863787
ipAddress: 2.98.118.180
lastlocation:
  world: world
  x: 421.84799746188
  y: 64.0
  z: 165.05434356813208
  yaw: 55.823112
  pitch: 22.897734
