timestamps:
  login: 1334003361036
  lastteleport: 1334001794089
  logout: 1334003417863
ipAddress: 86.26.145.235
lastlocation:
  world: world
  x: -5.9639117309796
  y: 63.0
  z: 650.3158076311747
  yaw: 87.903404
  pitch: 30.000029
