timestamps:
  login: 1335210222442
  lastteleport: 1335210312643
  logout: 1335210355579
ipAddress: 86.14.36.93
lastlocation:
  world: world
  x: 763.1884715807729
  y: 67.0
  z: -2016.8103135040515
  yaw: -268.9567
  pitch: 8.049726
