timestamps:
  login: 1336837839212
  logout: 1336837876327
  lastteleport: 1336586367454
ipAddress: 84.212.120.230
lastlocation:
  world: world
  x: 3891.508474926667
  y: 64.0
  z: 370.32513056988256
  yaw: 136.59544
  pitch: 20.100214
