timestamps:
  login: 1336500716444
  lastteleport: 1336500799596
  logout: 1336500925935
ipAddress: 76.5.61.236
lastlocation:
  world: world
  x: 3859.468379192792
  y: 71.0
  z: 320.79626233421146
  yaw: 206.79564
  pitch: 5.700216
