timestamps:
  login: 1338833818202
  logout: 1338834092030
ipAddress: 50.90.30.62
lastlocation:
  world: world
  x: 2282.1579638297426
  y: 61.42222349618042
  z: 1199.2112967206997
  yaw: -280.07507
  pitch: 30.070171
