timestamps:
  login: 1335209846963
  lastteleport: 1335209922079
  logout: 1335209985625
ipAddress: 69.71.69.145
lastlocation:
  world: world
  x: 770.6077941295366
  y: 67.0
  z: -2013.602231175027
  yaw: 118.45984
  pitch: 8.444361
