timestamps:
  login: 1340596665604
  logout: 1340596940532
  lastteleport: 1340596890910
ipAddress: 68.1.86.12
lastlocation:
  world: world
  x: 61.058751717300396
  y: 74.0
  z: 532.3198383120755
  yaw: -40.100418
  pitch: 8.427598
