timestamps:
  login: 1338866602595
  logout: 1338866633284
ipAddress: 76.30.149.111
lastlocation:
  world: world
  x: 7.4107742539223596
  y: 74.0
  z: 476.8566021824113
  yaw: 317.4005
  pitch: -2.849982
