timestamps:
  login: 1338193912267
  logout: 1338194069260
ipAddress: 71.199.17.109
lastlocation:
  world: world
  x: -48.64606038266399
  y: 80.0
  z: 429.8195942117794
  yaw: 25.919725
  pitch: 23.94082
