timestamps:
  login: 1335212107802
  lastteleport: 1335212583351
  logout: 1335212866084
ipAddress: 190.95.121.114
lastlocation:
  world: world
  x: 766.2287224793092
  y: 67.0
  z: -2016.3407285187527
  yaw: 123.773834
  pitch: 17.400003
money: 298.0
