timestamps:
  login: 1334430294860
  lastteleport: 1334430316358
  logout: 1334430516031
ipAddress: 174.3.129.119
lastlocation:
  world: world
  x: 403.78851795197346
  y: 65.0
  z: 180.30000001192093
  yaw: -170.4223
  pitch: -3.9002738
