timestamps:
  login: 1334092506674
  lastteleport: 1334094868697
  logout: 1334094986079
ipAddress: 86.144.38.33
lastlocation:
  world: world
  x: 409.8215880511534
  y: 64.0
  z: 160.6756058525904
  yaw: -221.72223
  pitch: 22.50002
money: 50.0
