timestamps:
  login: 1334512049299
ipAddress: 206.255.221.178
lastlocation:
  world: world
  x: 1486.5
  y: 77.55665495092137
  z: 198.5
  yaw: 0.59999996
  pitch: -1.05
