timestamps:
  login: 1334525637263
  lastteleport: 1334525645052
  logout: 1334525671734
ipAddress: 60.225.85.235
lastlocation:
  world: world
  x: 1489.2464918838937
  y: 70.0
  z: 187.22174607377903
  yaw: -276.20004
  pitch: 7.5562105
