timestamps:
  login: 1335122334775
  lastteleport: 1335121265949
  logout: 1335121373981
ipAddress: 69.116.213.135
lastlocation:
  world: world
  x: 2510.5649597143356
  y: 64.0
  z: 1409.1247361925505
  yaw: -17.7105
  pitch: -17.399994
homes:
  home:
    world: world
    x: 3133.5403017534572
    y: 54.0
    z: 566.3000000119209
    yaw: 217.31613
    pitch: -4.3500304
