timestamps:
  login: 1334612228089
  lastteleport: 1334612702378
  logout: 1334612858865
ipAddress: 71.168.64.219
lastlocation:
  world: world
  x: 1851.3259914835483
  y: 63.0
  z: -677.8727386603089
  yaw: -152.4638
  pitch: 50.84499
