timestamps:
  login: 1338281750832
  logout: 1338282268039
ipAddress: 99.242.147.9
lastlocation:
  world: world
  x: -168.39844583355662
  y: 77.0
  z: 548.3593375705756
  yaw: -315.24835
  pitch: 8.200221
