timestamps:
  login: 1336887170861
  lastteleport: 1336231476632
  logout: 1336888249747
ipAddress: 68.46.142.105
lastlocation:
  world: world
  x: 2215.0720264395054
  y: 64.0
  z: 80.7113905029999
  yaw: 89.2775
  pitch: 49.349873
