timestamps:
  login: 1338110003877
  lastteleport: 1334882225789
  logout: 1338110423369
ipAddress: 202.180.127.55
lastlocation:
  world: world
  x: 70.69999998807907
  y: 52.0
  z: 959.6999999880791
  yaw: 273.76135
  pitch: 54.14693
