timestamps:
  login: 1335048885791
  logout: 1335049315069
  lastteleport: 1335046046804
ipAddress: 174.50.104.44
lastlocation:
  world: world
  x: 3106.556917862328
  y: 81.0
  z: 1413.925000011921
  yaw: -27.123474
  pitch: 15.927203
