timestamps:
  login: 1334716081623
  lastteleport: 1334716099492
  logout: 1334716187032
ipAddress: 120.149.32.52
lastlocation:
  world: world
  x: 1497.0655214680182
  y: 70.0
  z: 182.88888462290748
  yaw: 149.672
  pitch: 24.593424
