timestamps:
  login: 1334189053415
  lastteleport: 1334189802267
  logout: 1334190053792
ipAddress: 50.90.136.215
lastlocation:
  world: world
  x: 226.12611812143282
  y: 70.0
  z: 615.1728142443512
  yaw: 79.92883
  pitch: 11.849994
