timestamps:
  login: 1334079850161
  lastteleport: 1334079993801
  logout: 1334080007135
ipAddress: 90.195.144.42
lastlocation:
  world: world
  x: 403.3804634085421
  y: 68.0
  z: 196.6275665194099
  yaw: -180.47247
  pitch: 21.749731
