timestamps:
  login: 1333991069397
  lastteleport: 1333990731953
  logout: 1333991099273
ipAddress: 109.153.56.11
lastlocation:
  world: world
  x: 404.0888834937955
  y: 67.0
  z: 121.86775177790582
  yaw: -183.62238
  pitch: 1.9497275
