timestamps:
  login: 1336232712516
  lastteleport: 1336147391104
  logout: 1336232770303
ipAddress: 82.47.181.58
lastlocation:
  world: world
  x: 415.69999998807907
  y: 12.0
  z: -1088.300000011921
  yaw: -216.86281
  pitch: 9.449991
money: 150.0
homes:
  home:
    world: world
    x: 399.69999998807907
    y: 5.0
    z: -1128.699999988079
    yaw: -168.5625
    pitch: 16.80001
