timestamps:
  login: 1338673877544
  lastteleport: 1338676447869
  logout: 1338676603047
ipAddress: 123.211.140.86
lastlocation:
  world: world
  x: 91.83951788869187
  y: 42.0
  z: 519.9955779681934
  yaw: -158.78706
  pitch: 49.705925
homes:
  home:
    world: world
    x: 134.54689682010326
    y: 41.0
    z: 485.0294223257295
    yaw: -168.8436
    pitch: 24.09585
