timestamps:
  login: 1336381685656
  lastteleport: 1336380917704
  logout: 1336381687501
ipAddress: 122.61.194.178
lastlocation:
  world: world
  x: 4004.2239502890297
  y: 106.0
  z: 604.2271916304353
  yaw: 168.0
  pitch: 328.0
