timestamps:
  login: 1338111325366
  logout: 1338111328369
ipAddress: 67.213.99.145
lastlocation:
  world: world
  x: -49.465596596151165
  y: 80.0
  z: 429.7500251664942
  yaw: -40.147285
  pitch: 29.400015
