timestamps:
  login: 1336167845965
  lastteleport: 1336168136915
  logout: 1336168366349
ipAddress: 67.240.255.151
lastlocation:
  world: world
  x: 3915.367343757717
  y: 87.0
  z: 245.49453008204227
  yaw: 43.444397
  pitch: 18.450243
money: 0.0
