timestamps:
  login: 1338352190770
  lastteleport: 1338316506209
  logout: 1338352214607
ipAddress: 31.45.13.162
lastlocation:
  world: world
  x: -249.300000011921
  y: 47.0
  z: 85.69999998807907
  yaw: 356.2579
  pitch: 69.91768
