timestamps:
  login: 1335212050021
  lastteleport: 1335212118751
  logout: 1335212181087
ipAddress: 99.249.73.192
lastlocation:
  world: world
  x: 764.2658435415505
  y: 67.0
  z: -2016.0969357864772
  yaw: 110.42435
  pitch: 7.5000186
