timestamps:
  login: 1338676228991
  lastteleport: 1335048646198
  logout: 1338676258093
ipAddress: 24.47.224.142
lastlocation:
  world: world
  x: -225.89556564549628
  y: 67.0
  z: 733.4786313920363
  yaw: 212.39813
  pitch: 20.40002
