timestamps:
  login: 1338276381100
  lastteleport: 1338276660100
  logout: 1338276690808
ipAddress: 173.72.240.159
lastlocation:
  world: world
  x: -49.181835445042594
  y: 80.0
  z: 428.8539593068008
  yaw: -179.45679
  pitch: 13.674966
