timestamps:
  login: 1334935182462
  logout: 1334935193207
  lastteleport: 1334935071921
ipAddress: 94.12.244.107
lastlocation:
  world: world
  x: 3056.354231076614
  y: 62.0
  z: 1477.0505328588604
  yaw: -188.90063
  pitch: 6.58504
