timestamps:
  login: 1335049973422
  lastteleport: 1335050699010
  logout: 1335051243738
ipAddress: 86.4.131.62
lastlocation:
  world: world
  x: 3614.699999988079
  y: 68.0
  z: 1751.300000011921
  yaw: -288.82523
  pitch: 6.4416046
