timestamps:
  login: 1335129192135
  lastteleport: 1335129262826
  logout: 1335129312304
ipAddress: 71.244.38.128
lastlocation:
  world: world
  x: 3249.1435098948514
  y: 61.0
  z: 565.1455361630145
  yaw: 120.86593
  pitch: 13.649958
