timestamps:
  login: 1336674882855
  lastteleport: 1336675494227
  logout: 1336675560721
ipAddress: 83.92.175.54
lastlocation:
  world: world
  x: 1418.5397053212685
  y: 3.0
  z: 2889.7115251434734
  yaw: 173.95819
  pitch: 9.899891
homes:
  home:
    world: world
    x: 1441.5248511240611
    y: 64.0
    z: 2927.2819552296774
    yaw: 205.0068
    pitch: 12.6000185
