timestamps:
  login: 1334280021213
  lastteleport: 1334281646227
  logout: 1334281904067
ipAddress: 50.113.108.215
lastlocation:
  world: world
  x: 403.36330726311604
  y: 68.0
  z: 193.1739289944735
  yaw: -178.67255
  pitch: 28.949728
