timestamps:
  login: 1336399909153
  lastteleport: 1336400536450
ipAddress: 41.133.38.143
lastlocation:
  world: world
  x: 3860.2927734268724
  y: 71.0
  z: 320.7102573097517
  yaw: -175.6222
  pitch: -5.928719
