timestamps:
  login: 1336322488823
  logout: 1336323231505
  lastteleport: 1336323090320
ipAddress: 71.119.51.55
lastlocation:
  world: world
  x: 534.3275530816203
  y: 69.0
  z: -1148.7289050061324
  yaw: -51.01654
  pitch: 26.94174
