timestamps:
  login: 1335559659441
  lastteleport: 1335555275863
  logout: 1335559664932
ipAddress: 82.13.126.192
lastlocation:
  world: world
  x: 3952.0404697589893
  y: 76.0
  z: 318.519317058232
  yaw: 295.4454
  pitch: 23.25015
