timestamps:
  login: 1337158101595
  lastteleport: 1337158107542
  logout: 1337158116564
ipAddress: 67.180.94.32
lastlocation:
  world: world
  x: -39.57273523625423
  y: 74.0
  z: 433.16220421869934
  yaw: -181.80011
  pitch: 55.649963
