timestamps:
  login: 1335210740465
  lastteleport: 1335210956293
  logout: 1335210970581
ipAddress: 99.253.37.86
lastlocation:
  world: world
  x: 763.2177365140377
  y: 67.0
  z: -2017.698480598213
  yaw: 96.17374
  pitch: 8.100007
