timestamps:
  login: 1334353379191
  lastteleport: 1334353452364
  logout: 1334353930420
ipAddress: 74.212.33.106
lastlocation:
  world: world
  x: 357.4697444395333
  y: 71.0
  z: 964.0287206340804
  yaw: -345.18768
  pitch: 60.508778
