timestamps:
  login: 1340048198159
  lastteleport: 1340048311912
  logout: 1340048395503
ipAddress: 99.99.232.74
lastlocation:
  world: world
  x: 1014.2001121848704
  y: 64.0
  z: 350.4409663340608
  yaw: 324.26306
  pitch: -14.850037
