timestamps:
  login: 1337854528866
  lastteleport: 1337855181170
  logout: 1337855329089
ipAddress: 68.32.61.28
lastlocation:
  world: world
  x: 132.3000000119209
  y: 59.0
  z: -575.6999999880791
  yaw: -199.56274
  pitch: 16.893595
