timestamps:
  login: 1335381340555
  logout: 1335383286047
  lastteleport: 1335382428654
ipAddress: 95.109.104.127
lastlocation:
  world: world
  x: 909.6560219893481
  y: 85.0
  z: -1369.699999988079
  yaw: -157.40833
  pitch: 24.555365
money: 325.0
ban:
  reason: discovered with bedrock recode that you greifed
