timestamps:
  login: 1340900079203
  logout: 1340900424075
  lastteleport: 1340900122499
ipAddress: 78.69.128.72
lastlocation:
  world: world
  x: -206.74599962121655
  y: 67.0
  z: 277.852404758301
  yaw: -64.200195
  pitch: -11.400111
