timestamps:
  login: 1338172192445
  logout: 1338172551972
  lastteleport: 1338172474427
ipAddress: 76.121.211.172
lastlocation:
  world: world
  x: -56.437124962883644
  y: 77.0
  z: 487.9741447216978
  yaw: -38.98889
  pitch: 28.579851
