timestamps:
  login: 1340576154321
  logout: 1340576485144
ipAddress: 67.190.14.208
lastlocation:
  world: world
  x: 102.1343655501658
  y: 73.5
  z: 281.13118666175785
  yaw: -140.40001
  pitch: 35.09997
