timestamps:
  login: 1340694415236
  logout: 1340694584654
ipAddress: 65.74.81.38
lastlocation:
  world: world
  x: 37.53599727656139
  y: 10.0
  z: 423.63503786482977
  yaw: 87.73291
  pitch: 19.628595
