timestamps:
  login: 1336525815585
  lastteleport: 1336181562339
  logout: 1336525843132
ipAddress: 108.93.140.177
lastlocation:
  world: world
  x: 3864.918539338305
  y: 64.0
  z: 334.0678466135791
  yaw: 146.94545
  pitch: 7.500209
money: 299.0
