timestamps:
  login: 1336586442499
  lastteleport: 1336586852615
  logout: 1336587492867
ipAddress: 158.129.27.227
lastlocation:
  world: world
  x: 803.3033933239637
  y: 63.0
  z: -1155.3455770517364
  yaw: 58.34903
  pitch: 7.808402
money: 0.0
