timestamps:
  login: 1333925298459
  lastteleport: 1333923934362
  logout: 1333925309052
ipAddress: 63.160.44.148
lastlocation:
  world: world
  x: 374.6621776382175
  y: 90.0
  z: 974.7229005515092
  yaw: -176.87105
  pitch: 22.199974
