timestamps:
  login: 1338602079604
  logout: 1338602091048
ipAddress: 174.74.63.102
lastlocation:
  world: world
  x: 42.001681111718696
  y: 77.0
  z: 337.94748194066574
  yaw: 48.651928
  pitch: -73.24975
