timestamps:
  login: 1336825941022
  lastteleport: 1336826182925
  logout: 1336826276649
ipAddress: 96.125.250.221
lastlocation:
  world: world
  x: 797.4362053648588
  y: 63.0
  z: -1147.0936347618674
  yaw: -259.20386
  pitch: 3.6000051
