timestamps:
  login: 1335825725563
  logout: 1335825742461
  lastteleport: 1335307958989
ipAddress: 108.228.22.68
lastlocation:
  world: world
  x: 739.2364108156588
  y: 73.0
  z: -1990.0029097917566
  yaw: 275.43872
  pitch: 17.360886
