timestamps:
  login: 1334079823982
  lastteleport: 1334080069551
  logout: 1334080138146
ipAddress: 71.71.205.155
lastlocation:
  world: world
  x: 405.07499998807907
  y: 67.0
  z: 116.39253883020768
  yaw: -160.82373
  pitch: 14.399981
money: 70.0
