timestamps:
  login: 1340562780610
  logout: 1340563087627
  lastteleport: 1340562785899
  mute: 1340563118682
ipAddress: 83.183.51.152
lastlocation:
  world: world
  x: -353.7925557443191
  y: 64.0
  z: 243.63439747083925
  yaw: 88.55328
  pitch: 16.0632
muted: true
