timestamps:
  login: 1338671166038
  logout: 1338671184001
ipAddress: 62.198.146.111
lastlocation:
  world: world
  x: -59.68624491304534
  y: 77.0
  z: 439.8342651395089
  yaw: 78.30011
  pitch: -5.2499866
