timestamps:
  login: 1334008747590
  lastteleport: 1334008853269
  logout: 1334009270954
ipAddress: 80.7.111.229
lastlocation:
  world: world
  x: 402.5998800303417
  y: 68.0
  z: 164.22460619664852
  yaw: 192.57741
  pitch: 21.899736
