timestamps:
  login: 1340155515232
  logout: 1340155536635
ipAddress: 81.225.33.137
lastlocation:
  world: world
  x: -44.09693650371949
  y: 77.0
  z: 427.22906220514807
  yaw: -83.09998
  pitch: 22.500008
