timestamps:
  login: 1334006046713
  lastteleport: 1334006103749
  logout: 1334006205808
ipAddress: 68.71.77.220
lastlocation:
  world: world
  x: 385.50461231574917
  y: 64.0
  z: 147.75534029645962
  yaw: -336.47235
  pitch: 9.899738
