timestamps:
  login: 1335558011519
  logout: 1335558581243
  lastteleport: 1335558439183
ipAddress: 70.70.32.10
lastlocation:
  world: world
  x: 699.7944388317954
  y: 62.0
  z: -1864.9990146402627
  yaw: 272.12592
  pitch: 18.899982
