timestamps:
  login: 1333988002143
  logout: 1333989021198
  lastteleport: 1333988093973
ipAddress: 109.145.5.55
lastlocation:
  world: world
  x: 390.6606965504951
  y: 62.39919099440396
  z: 127.64587842644593
  yaw: -243.92212
  pitch: 9.749985
