timestamps:
  login: 1336200934178
  logout: 1336201031351
  lastteleport: 1336200959605
ipAddress: 122.111.176.238
lastlocation:
  world: world
  x: 3916.8734840826655
  y: 88.0
  z: 286.1947964000889
  yaw: -44.60486
  pitch: 0.1368646
