timestamps:
  login: 1339975166860
  logout: 1339975328609
ipAddress: 174.20.37.121
lastlocation:
  world: world
  x: 2273.2145533289286
  y: 54.63129796553347
  z: 1194.3457172409826
  yaw: -156.61499
  pitch: 22.649952
