timestamps:
  login: 1338679635104
  logout: 1338679718490
ipAddress: 94.212.11.130
lastlocation:
  world: world
  x: -48.22145188140118
  y: 80.0
  z: 430.2189857289523
  yaw: -241.34961
  pitch: -1.3499789
