timestamps:
  login: 1335987429423
  lastteleport: 1335810901680
  logout: 1335987440451
ipAddress: 94.170.13.195
lastlocation:
  world: world
  x: 3867.233002080571
  y: 64.0
  z: 337.09266835713385
  yaw: 141.84546
  pitch: 6.000222
homes:
  home:
    world: world
    x: 3542.7881897514035
    y: 92.0
    z: 1881.4651893215446
    yaw: 303.22058
    pitch: 45.30004
