timestamps:
  login: 1334677098302
  lastteleport: 1334677287837
  logout: 1334677288021
ipAddress: 81.151.53.191
lastlocation:
  world: world
  x: 2100.5
  y: 70.0
  z: 1335.5
  yaw: -201.36069
  pitch: 5.8499374
