timestamps:
  login: 1341076715726
  lastteleport: 1341073330673
  logout: 1341077630227
ipAddress: 108.36.147.15
lastlocation:
  world: world
  x: 2488.9267246459303
  y: 63.0
  z: 1875.699999988079
  yaw: 183.15417
  pitch: 20.549994
