timestamps:
  login: 1334065791443
  lastteleport: 1334065931094
  logout: 1334065969629
ipAddress: 79.160.93.149
lastlocation:
  world: world
  x: 403.69288686220216
  y: 64.0
  z: 145.21390265211028
  yaw: -163.37221
  pitch: 22.049746
money: 0.0
