timestamps:
  login: 1340575751964
  logout: 1340575765145
ipAddress: 142.166.188.28
lastlocation:
  world: world_nether
  x: 272.8100949028898
  y: 113.0
  z: 136.89023151617508
  yaw: -295.36505
  pitch: 16.050034
