timestamps:
  login: 1338642288484
  logout: 1338642325634
ipAddress: 101.160.198.221
lastlocation:
  world: world
  x: -43.22075582417261
  y: 78.0
  z: 431.7047690582203
  yaw: 123.15589
  pitch: -24.892809
