timestamps:
  login: 1336436718110
  lastteleport: 1336437912158
  logout: 1336438331742
ipAddress: 75.97.73.154
lastlocation:
  world: world
  x: 3112.6561038882874
  y: 65.0
  z: -290.2314356210973
  yaw: -89.03452
  pitch: -2.5499454
