timestamps:
  login: 1336173977276
  lastteleport: 1335737800696
  logout: 1336174167837
ipAddress: 190.148.201.27
lastlocation:
  world: world
  x: 3882.984382692935
  y: 67.0
  z: 367.4152309729101
  yaw: 78.995415
  pitch: 8.550218
