timestamps:
  login: 1336710872944
  lastteleport: 1336710438292
  logout: 1336710875580
ipAddress: 68.4.150.17
lastlocation:
  world: world
  x: 787.9274717667168
  y: 63.0
  z: -1072.9454724082623
  yaw: -184.62042
  pitch: 7.590828
