timestamps:
  login: 1336499955599
  lastteleport: 1336499843512
  logout: 1336500330885
ipAddress: 80.229.18.160
lastlocation:
  world: world
  x: 3860.699999988079
  y: 71.0
  z: 321.2508198791418
  yaw: 169.56421
  pitch: 1.8164922
