timestamps:
  login: 1338147949436
  logout: 1338148377624
  lastteleport: 1338148338554
ipAddress: 80.212.148.14
lastlocation:
  world: world
  x: -161.30000001192093
  y: 63.0
  z: 698.2779886267933
  yaw: -270.25192
  pitch: 15.749991
