timestamps:
  login: 1335046493188
  lastteleport: 1335046688331
  logout: 1335047915647
ipAddress: 71.108.65.123
lastlocation:
  world: world
  x: 3055.3572257019464
  y: 62.0
  z: 1476.9587574293216
  yaw: -180.81401
  pitch: 24.3
money: 299.0
