timestamps:
  login: 1335491377249
  lastteleport: 1335493381357
  logout: 1335493469530
ipAddress: 68.104.187.3
lastlocation:
  world: world
  x: 3892.125582792541
  y: 64.0
  z: 371.244834578083
  yaw: 149.34544
  pitch: 18.750214
