timestamps:
  login: 1338558491711
  lastteleport: 1336080034932
  logout: 1338558498467
ipAddress: 70.120.87.114
lastlocation:
  world: world
  x: -28.056906637742134
  y: 77.5
  z: 392.55558213913446
  yaw: -235.59845
  pitch: 34.60022
