timestamps:
  login: 1336000492814
  lastteleport: 1336001515472
  logout: 1336001591854
ipAddress: 98.118.100.6
lastlocation:
  world: world
  x: 3886.423188020195
  y: 64.0
  z: 365.0632463834301
  yaw: 135.98105
  pitch: 21.943415
