timestamps:
  login: 1334003695367
  logout: 1334003703343
  lastteleport: 1334003630828
ipAddress: 98.19.133.194
lastlocation:
  world: world
  x: 402.5309404730295
  y: 64.0
  z: 141.30000001192093
  yaw: -20.572718
  pitch: 12.44972
