timestamps:
  login: 1334993355791
  lastteleport: 1334993361900
  logout: 1334993361833
ipAddress: 213.67.190.54
lastlocation:
  world: world
  x: 3806.244084712864
  y: 63.0
  z: 1883.117288244132
  yaw: -200.06783
  pitch: 10.472316
