timestamps:
  login: 1338904494507
  lastteleport: 1337921529670
  logout: 1338904610643
ipAddress: 86.131.216.107
lastlocation:
  world: world
  x: -128.26970943218302
  y: 74.0
  z: 346.49305040163165
  yaw: 97.49993
  pitch: 89.24999
