timestamps:
  login: 1336064943507
  lastteleport: 1335982147883
  logout: 1336064996328
ipAddress: 196.215.41.26
lastlocation:
  world: world
  x: 704.0535554069129
  y: 67.0
  z: -1893.138715381442
  yaw: -172.02551
  pitch: 8.849992
