timestamps:
  login: 1334369757171
  lastteleport: 1334369852848
  logout: 1334369869213
ipAddress: 70.30.127.85
lastlocation:
  world: world
  x: 403.3804634085421
  y: 68.0
  z: 196.6275665194099
  yaw: -180.41818
  pitch: 22.944242
money: 0.0
homes:
  home:
    world: world
    x: 1495.2701408800037
    y: 105.0
    z: -478.7102900577667
    yaw: 81.53298
    pitch: 31.324577
