timestamps:
  login: 1335366445778
  logout: 1335366554666
  lastteleport: 1335366523016
ipAddress: 2.103.71.46
lastlocation:
  world: world
  x: 794.2557713097582
  y: 67.0
  z: -1997.3746759064286
  yaw: 236.12428
  pitch: 19.19999
