timestamps:
  login: 1336386235103
  logout: 1336386237552
  lastteleport: 1336216896828
ipAddress: 87.75.140.45
lastlocation:
  world: world
  x: 3891.508474926667
  y: 64.0
  z: 370.32513056988256
  yaw: 164.64545
  pitch: 90.0
homes:
  home:
    world: world
    x: 872.0628480278868
    y: 67.0
    z: -1941.1895006372797
    yaw: -21.275175
    pitch: 38.850037
