timestamps:
  login: 1339903140272
  logout: 1339903175075
ipAddress: 210.86.74.175
lastlocation:
  world: world
  x: -40.98725499843112
  y: 74.0
  z: 411.18784094423665
  yaw: 123.74997
  pitch: -13.949994
