timestamps:
  login: 1334075218800
  lastteleport: 1334075455293
  logout: 1334075671133
ipAddress: 71.229.53.109
lastlocation:
  world: world
  x: 404.69999998807907
  y: 67.0
  z: 118.63908349062359
  yaw: 10.176403
  pitch: 14.099984
