timestamps:
  login: 1336381381086
  lastteleport: 1335362576067
  logout: 1336381687501
ipAddress: 176.10.220.105
lastlocation:
  world: world
  x: 733.3000000119209
  y: 73.0
  z: -1990.433617182358
  yaw: 268.6738
  pitch: 12.1500025
