timestamps:
  login: 1340484989624
  logout: 1340485124870
ipAddress: 24.170.245.40
lastlocation:
  world: world
  x: -4.170234087478747
  y: 74.0
  z: 392.8154922578924
  yaw: -268.49988
  pitch: 19.049988
