timestamps:
  login: 1340067114362
  logout: 1340067161343
ipAddress: 75.180.14.13
lastlocation:
  world: world
  x: -40.07499998807907
  y: 84.0
  z: 427.14072423224593
  yaw: 89.85003
  pitch: 34.500004
