timestamps:
  login: 1340066062345
  logout: 1340066064635
ipAddress: 108.7.179.65
lastlocation:
  world: world
  x: -45.261340619437995
  y: 76.5
  z: 430.41852484710205
  yaw: -129.45
  pitch: 34.050003
