timestamps:
  login: 1340575960525
  logout: 1340576150144
ipAddress: 68.149.91.222
lastlocation:
  world: world
  x: -46.40990658556912
  y: 76.0
  z: 423.0293874360057
  yaw: 213.13571
  pitch: 19.540812
