timestamps:
  login: 1338375248236
ipAddress: 76.104.251.133
lastlocation:
  world: world
  x: -9.297407734849632
  y: 77.0
  z: 448.26225639851634
  yaw: -1.2981662
  pitch: 12.400244
