timestamps:
  login: 1338278108269
  logout: 1338278115759
ipAddress: 72.189.58.242
lastlocation:
  world: world
  x: -50.07825991539617
  y: 80.0
  z: 427.8639140930639
  yaw: -3.0210786
  pitch: 57.32491
