timestamps:
  login: 1340780076768
  logout: 1340780126301
ipAddress: 211.30.215.10
lastlocation:
  world: world
  x: -3.6240711630707962
  y: 74.0
  z: 383.63886154579467
  yaw: -136.32896
  pitch: 24.669073
