timestamps:
  login: 1335551966075
  logout: 1335551972387
  lastteleport: 1334181191178
ipAddress: 99.157.104.198
lastlocation:
  world: world
  x: 1496.5
  y: 79.62000000476837
  z: 200.5
  yaw: 0.0
  pitch: 0.0
homes:
  home:
    world: world
    x: 77.43336475522929
    y: 67.0
    z: 817.9891277452838
    yaw: 6.8792725
    pitch: 11.850033
