timestamps:
  login: 1340505563299
  logout: 1340505604443
ipAddress: 99.135.155.221
lastlocation:
  world: world
  x: -14.337371963897905
  y: 74.0
  z: 457.44712591107526
  yaw: -53.56243
  pitch: 35.790188
