timestamps:
  login: 1340356827828
  logout: 1340356848181
ipAddress: 121.222.187.104
lastlocation:
  world: world
  x: -52.1477223126887
  y: 74.0
  z: 411.3254719685633
  yaw: -172.94997
  pitch: 25.800024
