timestamps:
  login: 1335560151317
  lastteleport: 1335561011421
  logout: 1335562799420
ipAddress: 74.129.200.0
lastlocation:
  world: world
  x: 3891.54640146825
  y: 64.0
  z: 369.5425641863294
  yaw: 77.34546
  pitch: 19.950216
