timestamps:
  login: 1338591712864
  lastteleport: 1337300039561
  logout: 1338591799251
ipAddress: 180.183.216.27
lastlocation:
  world: world_nether
  x: 234.64503314654735
  y: 128.0
  z: 129.76966729180444
  yaw: -200.41498
  pitch: 12.000041
