timestamps:
  login: 1335738134263
  logout: 1335738201589
  lastteleport: 1335738191447
ipAddress: 75.148.204.54
lastlocation:
  world: world
  x: 3863.699999988079
  y: 72.0
  z: 319.3026122027413
  yaw: 272.79523
  pitch: 6.4502087
