timestamps:
  login: 1335044966250
  lastteleport: 1335045146552
  logout: 1335045329875
ipAddress: 75.218.237.49
lastlocation:
  world: world
  x: 3056.204439754439
  y: 62.0
  z: 1476.4787831826898
  yaw: -201.06427
  pitch: 43.50003
