timestamps:
  login: 1341070838967
  logout: 1341073195227
  lastteleport: 1341073015270
ipAddress: 96.253.48.48
lastlocation:
  world: world
  x: 2712.928642415486
  y: 96.0
  z: 1208.2700242664573
  yaw: -276.07648
  pitch: 21.093277
