timestamps:
  login: 1333978790446
  lastteleport: 1333983050531
  logout: 1333983131871
ipAddress: 74.47.48.103
lastlocation:
  world: world
  x: 374.6808887257082
  y: 89.5
  z: 983.572074106236
  yaw: -158.94818
  pitch: 25.25756
