timestamps:
  login: 1334426158800
  lastteleport: 1334426452451
  logout: 1334426516893
ipAddress: 64.228.213.15
lastlocation:
  world: world
  x: 406.8171710857715
  y: 64.0
  z: 185.42595032773653
  yaw: -135.62225
  pitch: 15.449754
