timestamps:
  login: 1338610520565
  lastteleport: 1335228327835
  logout: 1338610536362
ipAddress: 74.88.23.147
lastlocation:
  world: world
  x: 7.382279418061819
  y: 78.0
  z: 389.16536497863206
  yaw: 253.65
  pitch: 13.800014
money: 22.0
