timestamps:
  login: 1334372906276
  logout: 1334373056980
  lastteleport: 1334280518213
ipAddress: 96.125.229.62
lastlocation:
  world: world
  x: 402.97506991840856
  y: 67.0
  z: 120.6212190550824
  yaw: 175.92743
  pitch: 20.249987
money: 10.0
