timestamps:
  login: 1335643994862
  lastteleport: 1335645335262
  logout: 1335645625027
ipAddress: 70.53.75.114
lastlocation:
  world: world
  x: 3891.315420452806
  y: 64.0
  z: 370.2765616007648
  yaw: -58.905884
  pitch: -79.64649
money: 0.0
