timestamps:
  login: 1335063498632
  lastteleport: 1335064040268
ipAddress: 72.187.194.13
lastlocation:
  world: world
  x: 3085.7111426463644
  y: 72.0
  z: 803.9780751122507
  yaw: -267.03967
  pitch: 23.365887
money: 89.0
