timestamps:
  login: 1340918798278
  lastteleport: 1340916575838
  logout: 1340918800520
ipAddress: 173.35.215.251
lastlocation:
  world: world
  x: 527.6803070363295
  y: 84.0
  z: 777.420341241802
  yaw: 194.61855
  pitch: 34.350048
