timestamps:
  login: 1333991716316
  lastteleport: 1333991812780
  logout: 1333992086017
ipAddress: 173.252.2.162
lastlocation:
  world: world
  x: 402.9905961623454
  y: 64.0
  z: 143.3561671570221
  yaw: -171.77267
  pitch: 36.14974
