timestamps:
  login: 1340690314715
  logout: 1340690479655
ipAddress: 98.157.29.204
lastlocation:
  world: world
  x: 99.0639876944679
  y: 74.0
  z: 572.0653463227104
  yaw: 141.29993
  pitch: 28.050024
