timestamps:
  login: 1334951791262
  lastteleport: 1334796121420
  logout: 1334951876421
ipAddress: 125.238.72.224
lastlocation:
  world: world
  x: 3324.6950759637753
  y: 62.0
  z: 1882.956402884582
  yaw: 181.54279
  pitch: 18.091295
