timestamps:
  login: 1340653894514
  lastteleport: 1340654423199
  logout: 1340654731528
ipAddress: 71.223.231.147
lastlocation:
  world: world
  x: -80.48457605917349
  y: 80.0
  z: 414.69999998807907
  yaw: 13.800545
  pitch: 52.200005
