timestamps:
  login: 1336129246842
  lastteleport: 1335988869522
  logout: 1336129328143
ipAddress: 92.4.227.8
lastlocation:
  world: world
  x: 3858.7897991803206
  y: 71.0
  z: 321.9481493883632
  yaw: -98.153595
  pitch: 4.0500174
