timestamps:
  login: 1338663154495
  logout: 1338663764913
ipAddress: 88.115.44.134
lastlocation:
  world: world
  x: 299.30000001192093
  y: 68.0
  z: 815.6999999880791
  yaw: 224.40271
  pitch: 13.94993
