timestamps:
  login: 1335799249789
  lastteleport: 1335799307484
  logout: 1335799342132
ipAddress: 85.224.9.111
lastlocation:
  world: world
  x: 3858.453080623069
  y: 71.0
  z: 321.3304089783329
  yaw: -176.90466
  pitch: 1.349998
