timestamps:
  login: 1338324534372
  logout: 1338324702140
  lastteleport: 1338324694455
ipAddress: 173.30.83.195
lastlocation:
  world: world
  x: -49.181835445042594
  y: 80.0
  z: 428.8539593068008
  yaw: -179.79813
  pitch: 23.35025
