timestamps:
  login: 1338670733138
  lastteleport: 1338068341429
  logout: 1338670739001
ipAddress: 142.166.231.240
lastlocation:
  world: world
  x: 5.219947855940133
  y: 77.5
  z: 436.99512788084206
  yaw: -223.2984
  pitch: -75.45
money: 60.0
