timestamps:
  login: 1339963503140
  logout: 1339963507227
  lastteleport: 1339896765321
ipAddress: 96.233.63.74
lastlocation:
  world: world
  x: -32.51957278392961
  y: 74.0
  z: 437.99740934064636
  yaw: 125.21831
  pitch: 15.613234
ban:
  reason: ''
