timestamps:
  login: 1334093005701
  lastteleport: 1334093172399
  logout: 1334093451129
ipAddress: 77.96.127.168
lastlocation:
  world: world
  x: 239.3060624674594
  y: 67.0
  z: 693.8431294447039
  yaw: -4.670228
  pitch: 4.3500595
money: 10.0
