timestamps:
  login: 1334004230920
  logout: 1334006150553
  lastteleport: 1334004320972
ipAddress: 97.92.208.26
lastlocation:
  world: world
  x: 403.76122252558764
  y: 68.0
  z: 168.52211877827423
  yaw: -185.57245
  pitch: 12.449737
money: 50.0
