timestamps:
  login: 1333996135547
  lastteleport: 1333996164285
  logout: 1333996255670
ipAddress: 81.167.172.168
lastlocation:
  world: world
  x: 404.0546180086076
  y: 67.0
  z: 120.52235029908533
  yaw: -177.47256
  pitch: 14.849724
