timestamps:
  login: 1335866065133
  logout: 1335866210359
  lastteleport: 1335433759171
ipAddress: 70.81.135.42
lastlocation:
  world: world
  x: 766.1152992107553
  y: 67.0
  z: -2016.2582884976798
  yaw: 171.77374
  pitch: 15.899986
