timestamps:
  login: 1338023746080
  logout: 1338023750581
  lastteleport: 1337715913816
ipAddress: 99.192.82.20
lastlocation:
  world: world
  x: -1011.3500956185328
  y: 70.0
  z: 617.0229500196216
  yaw: -20.072552
  pitch: 2.851692
