timestamps:
  login: 1335046598725
  lastteleport: 1335046344048
  logout: 1335046766040
ipAddress: 86.183.188.109
lastlocation:
  world: world
  x: 3248.114858550286
  y: 72.0
  z: -1717.1765207756278
  yaw: 271.32385
  pitch: 8.7
