timestamps:
  login: 1336301728259
  lastteleport: 1336301676106
  logout: 1336301735653
  mute: 0
ipAddress: 173.48.134.228
lastlocation:
  world: world
  x: 3890.924260307599
  y: 64.0
  z: 371.40084882401874
  yaw: -219.38339
  pitch: 32.527706
homes:
  home:
    world: world
    x: 1035.3466920840415
    y: 68.0
    z: 2726.0589003856217
    yaw: -100.955475
    pitch: 0.19479355
muted: true
ban:
  reason: Hacking
