timestamps:
  login: 1333985781937
  lastteleport: 1333986191093
  logout: 1333986693262
ipAddress: 75.142.140.99
lastlocation:
  world: world
  x: 304.5717159513933
  y: 11.0
  z: 702.8439011123071
  yaw: 168.87933
  pitch: 9.899891
