timestamps:
  login: 1335439815556
  lastteleport: 1335439885888
  logout: 1335440362534
ipAddress: 184.175.27.67
lastlocation:
  world: world
  x: 3798.388629019928
  y: 67.0
  z: 1938.4888292641972
  yaw: 188.13019
  pitch: 14.249997
money: 0.0
