timestamps:
  login: 1336323134376
  lastteleport: 1336323739841
  logout: 1336324092366
ipAddress: 173.29.40.118
lastlocation:
  world: world
  x: 3859.766258060353
  y: 71.0
  z: 322.05515804942866
  yaw: 86.98762
  pitch: 2.1052077
