timestamps:
  login: 1335277494399
  lastteleport: 1335277628815
  logout: 1335278127883
ipAddress: 174.20.106.148
lastlocation:
  world: world
  x: 733.3000000119209
  y: 73.0
  z: -1990.433617182358
  yaw: 268.6738
  pitch: 12.1500025
