timestamps:
  login: 1340052990020
  logout: 1340053001221
ipAddress: 74.186.3.32
lastlocation:
  world: world
  x: -46.11335214079778
  y: 77.0
  z: 427.23110699790124
  yaw: 110.54998
  pitch: 24.600004
