timestamps:
  login: 1337085989961
  logout: 1337086013841
  lastteleport: 1337072323573
ipAddress: 69.178.122.98
lastlocation:
  world: world
  x: 731.6753737716372
  y: 54.0
  z: -973.1965807698332
  yaw: 154.18697
  pitch: 5.213437
money: 45.0
