timestamps:
  login: 1338282105705
  logout: 1338282243053
ipAddress: 71.206.56.213
lastlocation:
  world: world
  x: -54.173602681292195
  y: 28.0
  z: 577.0215190368692
  yaw: -276.0974
  pitch: -4.8000617
