timestamps:
  login: 1335976171982
  logout: 1335976390268
  lastteleport: 1335976384974
ipAddress: 95.151.243.109
lastlocation:
  world: world
  x: 3905.300000011921
  y: 89.0
  z: 344.3378203201403
  yaw: -89.15431
  pitch: 3.2999923
