timestamps:
  login: 1338107019638
  logout: 1338107186907
ipAddress: 50.64.0.229
lastlocation:
  world: world
  x: -98.95531020700736
  y: 77.0
  z: 470.46167138065914
  yaw: 143.69958
  pitch: 5.8500037
