timestamps:
  login: 1333990931141
  lastteleport: 1333991062592
  logout: 1333991209675
ipAddress: 101.103.23.95
lastlocation:
  world: world
  x: 403.3804634085421
  y: 68.0
  z: 196.6275665194099
  yaw: -180.47247
  pitch: 21.749731
