timestamps:
  login: 1334212134644
  lastteleport: 1333939981299
  logout: 1334212165108
ipAddress: 108.46.40.175
lastlocation:
  world: world
  x: 365.69774757254544
  y: 65.0
  z: 944.8023776718234
  yaw: 100.62892
  pitch: 5.399997
