timestamps:
  login: 1341117396242
  logout: 1341117415700
  lastteleport: 1341090866971
ipAddress: 99.101.32.181
lastlocation:
  world: world
  x: 2052.0929274736054
  y: 63.0
  z: 1036.4002721437191
  yaw: -122.40275
  pitch: 8.873717
homes:
  home:
    world: world
    x: 487.9286193414416
    y: 59.0
    z: 203.55288043512292
    yaw: -160.9593
    pitch: 22.186403
money: 296.0
