timestamps:
  login: 1340061471274
  logout: 1340061487075
ipAddress: 99.118.168.166
lastlocation:
  world: world
  x: -52.56164959011278
  y: 74.5
  z: 429.22817432314093
  yaw: 78.83719
  pitch: -3.8186998
