timestamps:
  login: 1340474100237
  logout: 1340474164106
ipAddress: 81.159.106.29
lastlocation:
  world: world
  x: -78.5806469259672
  y: 80.0
  z: 412.5691228482046
  yaw: -134.02393
  pitch: 15.398834
