timestamps:
  login: 1336169139120
  lastteleport: 1336169303352
  logout: 1336169336399
ipAddress: 50.129.146.46
lastlocation:
  world: world
  x: 3750.7739805560172
  y: 63.0
  z: 223.9345003271253
  yaw: 265.61395
  pitch: 10.900634
