timestamps:
  login: 1339992900906
  logout: 1339992908561
  lastteleport: 1339992676804
ipAddress: 67.5.94.22
lastlocation:
  world: world
  x: 52.901734326607425
  y: 74.0
  z: 525.0044089531268
  yaw: 101.141235
  pitch: -9.295609
