timestamps:
  login: 1336143970843
  lastteleport: 1336064166919
  logout: 1336144559600
ipAddress: 69.145.228.33
lastlocation:
  world: world
  x: 3881.068073781765
  y: 64.0
  z: 355.878701150278
  yaw: 142.74542
  pitch: 18.000216
