timestamps:
  login: 1334093267095
  lastteleport: 1334095723847
  logout: 1334095751080
ipAddress: 70.92.29.136
lastlocation:
  world: world
  x: 403.3382636115949
  y: 68.0
  z: 195.6357923882232
  yaw: -180.77243
  pitch: 21.599731
