timestamps:
  login: 1335278113664
  lastteleport: 1335278217893
  logout: 1335278317838
ipAddress: 24.25.211.95
lastlocation:
  world: world
  x: 773.1167035413033
  y: 67.0
  z: -2046.286928755814
  yaw: 107.29734
  pitch: 15.899723
