timestamps:
  login: 1335045250090
  lastteleport: 1335046221371
  logout: 1335046290234
ipAddress: 75.36.142.82
lastlocation:
  world: world
  x: 1854.3227993049609
  y: 63.0
  z: -673.2281356520035
  yaw: 112.03325
  pitch: -2.4460895
