timestamps:
  login: 1338118147558
  lastteleport: 1338119059934
  logout: 1338119397607
ipAddress: 70.75.220.109
lastlocation:
  world: world
  x: -44.53217510965262
  y: 79.0
  z: 427.5694442002567
  yaw: -278.948
  pitch: 9.299996
money: 70.0
