timestamps:
  login: 1339965452877
  logout: 1339966112179
ipAddress: 97.85.68.242
lastlocation:
  world: world
  x: -43.49391180513371
  y: 77.0
  z: 428.3239335688913
  yaw: -232.7195
  pitch: 22.046137
