timestamps:
  login: 1336664147520
  lastteleport: 1336666211573
  logout: 1336666476564
ipAddress: 83.250.148.2
lastlocation:
  world: world
  x: 3876.882177499778
  y: 64.0
  z: 344.3945185751681
  yaw: 162.84569
  pitch: 28.950224
