timestamps:
  login: 1334408066561
  lastteleport: 1334408200308
  logout: 1334408323038
ipAddress: 87.69.36.236
lastlocation:
  world: world
  x: 403.5294188043859
  y: 67.0
  z: 119.07499998807907
  yaw: 101.826256
  pitch: 22.94997
money: 5.0
