timestamps:
  login: 1334482123919
  lastteleport: 1334482136499
  logout: 1334482152539
ipAddress: 88.112.9.90
lastlocation:
  world: world
  x: 1488.4347579943433
  y: 70.0
  z: 194.65055847459197
  yaw: -174.92802
  pitch: 7.643431
homes:
  home:
    world: world
    x: 267.76243090759556
    y: 64.0
    z: 873.9961512247692
    yaw: -292.6679
    pitch: 38.549946
