timestamps:
  login: 1336511420327
  lastteleport: 1336511563390
  logout: 1336512397433
ipAddress: 70.27.136.167
lastlocation:
  world: world
  x: 3860.478731608263
  y: 71.0
  z: 320.2905690056962
  yaw: 219.2455
  pitch: -9.299791
