timestamps:
  login: 1337708453576
  lastteleport: 1337708507863
  logout: 1337708539595
ipAddress: 101.162.9.68
lastlocation:
  world: world
  x: -42.78770251424947
  y: 83.5
  z: 433.0302720168882
  yaw: -298.72424
  pitch: 19.52636
