timestamps:
  login: 1334001079953
  lastteleport: 1334001378860
  logout: 1334001397930
ipAddress: 76.18.210.199
lastlocation:
  world: world
  x: 194.53849868316019
  y: 67.0
  z: 900.6488001149722
  yaw: 182.37933
  pitch: 15.000006
