timestamps:
  login: 1336258828128
  lastteleport: 1336260079763
  logout: 1336258207072
ipAddress: 24.18.76.49
lastlocation:
  world: world
  x: 3859.2242295987653
  y: 71.0
  z: 320.8194181269967
  yaw: -67.554634
  pitch: 3.8999865
