timestamps:
  login: 1335045315509
  lastteleport: 1335045475207
  logout: 1335045539830
ipAddress: 99.171.128.221
lastlocation:
  world: world
  x: 3798.903111878294
  y: 67.0
  z: 1938.215037858828
  yaw: 199.67987
  pitch: 17.550034
money: 250.0
