timestamps:
  login: 1338181222975
  lastteleport: 1335709426621
  logout: 1338181266649
ipAddress: 79.161.118.159
lastlocation:
  world: world
  x: 130.25757188988803
  y: 67.0
  z: 260.629491443661
  yaw: 180.47165
  pitch: 10.104417
