timestamps:
  login: 1339337605057
  logout: 1339337662930
ipAddress: 99.230.9.66
lastlocation:
  world: world
  x: -33.831419882818864
  y: 75.5
  z: 429.25951039374047
  yaw: 322.6501
  pitch: 10.800016
