timestamps:
  login: 1336206773906
  lastteleport: 1336206784654
  logout: 1336206919999
ipAddress: 202.156.34.21
lastlocation:
  world: world
  x: 3890.3172530197835
  y: 64.0
  z: 369.9722381563649
  yaw: 191.13893
  pitch: -24.49971
