timestamps:
  login: 1338683603329
  logout: 1338683686881
  lastteleport: 1336245409817
ipAddress: 24.163.1.81
lastlocation:
  world: world
  x: -106.89059273142819
  y: 77.5
  z: 443.52838728135856
  yaw: -201.59991
  pitch: 12.150048
