timestamps:
  login: 1334507329676
  logout: 1334507410734
  lastteleport: 1334507342911
ipAddress: 69.243.146.94
lastlocation:
  world: world
  x: 1483.2476567290596
  y: 70.0
  z: 184.0343619317492
  yaw: -180.74469
  pitch: 10.286321
