timestamps:
  login: 1338644060336
  logout: 1338644178952
ipAddress: 67.169.139.154
lastlocation:
  world: world
  x: 70.59176171876001
  y: 31.0
  z: 533.5110660008738
  yaw: 144.45001
  pitch: 9.450033
