timestamps:
  login: 1336682346147
  logout: 1336682347581
  lastteleport: 1336682319702
ipAddress: 69.182.134.45
lastlocation:
  world: world
  x: 3858.477616694705
  y: 71.0
  z: 321.0515198149859
  yaw: 191.19547
  pitch: 8.850221
