timestamps:
  login: 1338426318286
  logout: 1338428651193
  lastteleport: 1335890188296
ipAddress: 95.155.210.178
lastlocation:
  world: world
  x: -928.3580146783182
  y: 115.0
  z: 783.7881928819149
  yaw: 292.0487
  pitch: 22.050001
