timestamps:
  login: 1340575890871
  logout: 1340576125195
ipAddress: 63.227.246.230
lastlocation:
  world: world
  x: -179.0809708169185
  y: 74.0
  z: 561.3024691995083
  yaw: -142.77307
  pitch: 0.39524755
