timestamps:
  login: 1335285221352
  lastteleport: 1335285296341
  logout: 1335286097836
ipAddress: 176.10.209.46
lastlocation:
  world: world
  x: 741.3157871173015
  y: 73.0
  z: -1991.559562452293
  yaw: 134.87357
  pitch: -1.500006
