timestamps:
  login: 1338362716330
  lastteleport: 1334961009497
  logout: 1338362920644
ipAddress: 99.32.20.153
lastlocation:
  world: world
  x: 4981.300000011921
  y: 39.0
  z: 448.69999998807907
  yaw: 241.82436
  pitch: 17.249989
money: 276.0
jailed: true
jail: jail
