timestamps:
  login: 1333943526457
  lastteleport: 1333944066891
  logout: 1333944103574
ipAddress: 71.203.225.49
lastlocation:
  world: world
  x: 376.55472868080005
  y: 65.0
  z: 936.0595190903562
  yaw: 175.94577
  pitch: 1.499917
