timestamps:
  login: 1335843285209
  lastteleport: 1335733559980
  logout: 1335843297113
ipAddress: 68.111.159.197
lastlocation:
  world: world
  x: 3882.9814504379615
  y: 64.0
  z: 360.36243497263337
  yaw: -204.95457
  pitch: 11.700222
