timestamps:
  login: 1334973020899
  logout: 1334973508365
  lastteleport: 1334973232058
ipAddress: 74.78.218.240
lastlocation:
  world: world
  x: 3019.1025876038475
  y: 62.0
  z: 1464.090483533188
  yaw: -271.41534
  pitch: -20.550005
