timestamps:
  login: 1334097328074
  lastteleport: 1334097879696
  logout: 1334097891079
ipAddress: 96.19.192.138
lastlocation:
  world: world
  x: 403.3804634085421
  y: 68.0
  z: 196.6275665194099
  yaw: -180.47247
  pitch: 21.749731
