timestamps:
  login: 1340053457884
  logout: 1340053522567
ipAddress: 76.6.35.254
lastlocation:
  world: world
  x: 69.07791864561014
  y: 74.0
  z: 541.4785414138057
  yaw: -40.05002
  pitch: 12.150003
