timestamps:
  login: 1339991665221
  logout: 1339991823559
ipAddress: 173.184.52.160
lastlocation:
  world: world
  x: -55.899590684341845
  y: 74.0
  z: 483.52402629181614
  yaw: -228.42868
  pitch: 8.367246
