timestamps:
  login: 1335900686178
  lastteleport: 1335855357294
  logout: 1335900873619
ipAddress: 90.206.170.40
lastlocation:
  world: world
  x: 1287.5058931614462
  y: 69.0
  z: 2711.99821743825
  yaw: -303.33963
  pitch: 3.689972
