timestamps:
  login: 1340783871311
  logout: 1340783887376
ipAddress: 58.182.33.145
lastlocation:
  world: world_nether
  x: 273.69999998807907
  y: 113.0
  z: 138.45682466214893
  yaw: -287.56506
  pitch: 20.550034
