timestamps:
  login: 1339606189167
  logout: 1339607635267
  lastteleport: 1339607104620
ipAddress: 184.17.94.66
lastlocation:
  world: world
  x: -50.24660606446879
  y: 74.0
  z: 500.084425183212
  yaw: -16.142498
  pitch: 5.8402753
