timestamps:
  login: 1333928695794
  lastteleport: 1333928785992
  logout: 1333928810756
ipAddress: 96.250.36.91
lastlocation:
  world: world
  x: 375.8682673198028
  y: 65.0
  z: 935.7462063842067
  yaw: -182.86963
  pitch: 31.04999
