timestamps:
  login: 1334399086907
  lastteleport: 1334399073357
  logout: 1334399129198
ipAddress: 83.253.212.194
lastlocation:
  world: world
  x: 403.7164613870075
  y: 68.0
  z: 166.85625880556714
  yaw: -183.21036
  pitch: 34.709045
