timestamps:
  login: 1337908688956
  logout: 1337909130358
  lastteleport: 1337908733387
ipAddress: 12.97.246.3
lastlocation:
  world: world
  x: -49.181835445042594
  y: 80.0
  z: 428.8539593068008
  yaw: -177.84819
  pitch: 21.550253
