timestamps:
  login: 1336010667097
  lastteleport: 1336010741186
  logout: 1336010751519
ipAddress: 76.16.241.158
lastlocation:
  world: world
  x: 17032.441132351887
  y: 68.0
  z: 1812.970748848571
  yaw: -6.0728455
  pitch: 29.549976
