timestamps:
  login: 1338135400755
  lastteleport: 1335596000919
  logout: 1338135473003
ipAddress: 120.144.42.132
lastlocation:
  world: world
  x: 39.75968765273011
  y: 13.0
  z: 430.12539169918114
  yaw: -58.747746
  pitch: -76.69974
