timestamps:
  login: 1340585659923
  logout: 1340585687585
ipAddress: 108.88.21.61
lastlocation:
  world: world
  x: -84.28345725705256
  y: 74.0
  z: 463.68518292962915
  yaw: -23.249756
  pitch: 2.7000017
