timestamps:
  login: 1336296991228
  lastteleport: 1335988463062
  logout: 1336297023746
ipAddress: 92.237.85.209
lastlocation:
  world: world
  x: 3880.701715529247
  y: 64.0
  z: 355.70226392651557
  yaw: 151.44543
  pitch: 23.400208
