timestamps:
  login: 1336409209060
  lastteleport: 1336157102338
  logout: 1336409222661
ipAddress: 37.2.208.133
lastlocation:
  world: world
  x: 3139.467565569341
  y: 35.0
  z: 764.4029934061614
  yaw: -87.489365
  pitch: 18.150019
