timestamps:
  login: 1334066048893
  logout: 1334066139679
  lastteleport: 1334065946794
ipAddress: 94.18.10.184
lastlocation:
  world: world
  x: 406.92500001192093
  y: 64.0
  z: 159.45830597115884
  yaw: 157.44762
  pitch: 12.533749
money: 0.0
