timestamps:
  login: 1338681891529
  logout: 1338682177780
  lastteleport: 1338248309442
ipAddress: 199.255.210.86
lastlocation:
  world: world
  x: 584.1249243869433
  y: 70.0
  z: 285.24011087227717
  yaw: -144.49243
  pitch: 15.899996
money: 211425.0
ban:
  reason: Temporarily banned from server for  41 minutes 40 seconds
  timeout: 1334500049187
