timestamps:
  login: 1338201420247
  logout: 1338201481823
ipAddress: 66.69.211.101
lastlocation:
  world: world
  x: -82.69999998807909
  y: 95.0
  z: 465.3090892960876
  yaw: -274.4479
  pitch: 33.750004
