timestamps:
  login: 1336611135724
  lastteleport: 1336612684703
  logout: 1336613039042
ipAddress: 69.158.133.125
lastlocation:
  world: world_the_end
  x: 15.31547690390099
  y: 58.0
  z: -15.699999988079071
  yaw: 9.943569
  pitch: -0.03658867
money: 290.0
