timestamps:
  login: 1333979261892
  lastteleport: 1333979342844
  logout: 1333979403232
ipAddress: 94.11.225.33
lastlocation:
  world: world
  x: 395.3851767030779
  y: 66.0
  z: 979.6517588159634
  yaw: 261.27838
  pitch: 14.656341
