timestamps:
  login: 1335787010775
  logout: 1335787112421
  lastteleport: 1335787070926
ipAddress: 77.110.240.225
lastlocation:
  world: world
  x: 3858.7372435140796
  y: 64.0
  z: 344.3990418100056
  yaw: -144.15372
  pitch: 15.082331
money: 80.0
