timestamps:
  login: 1338677621429
  logout: 1338677743044
  lastteleport: 1338677698660
ipAddress: 24.150.187.58
lastlocation:
  world: world
  x: 24.40565896690011
  y: 65.0
  z: -332.30000001192093
  yaw: 355.09546
  pitch: 14.695419
