timestamps:
  login: 1337152741242
  logout: 1337153159524
  lastteleport: 1337152862601
ipAddress: 92.12.208.106
lastlocation:
  world: world
  x: 74.80940098456527
  y: 21.0
  z: 292.30000001192093
  yaw: -95.40024
  pitch: 26.39992
