timestamps:
  login: 1336422731269
  lastteleport: 1336424160517
  logout: 1336424250705
ipAddress: 64.22.58.164
lastlocation:
  world: world
  x: 3874.5092972148677
  y: 64.0
  z: 343.05258170456983
  yaw: 143.92973
  pitch: 28.37741
