timestamps:
  login: 1336906824714
  logout: 1336906852619
  lastteleport: 1335836313107
ipAddress: 50.131.41.140
lastlocation:
  world: world
  x: 3858.830114893717
  y: 71.0
  z: 320.4369662861365
  yaw: 164.04547
  pitch: 6.4501796
