timestamps:
  login: 1339315746706
  logout: 1339315867931
ipAddress: 86.143.152.122
lastlocation:
  world: world
  x: -49.92500001192094
  y: 84.0
  z: 426.6261031726593
  yaw: 349.35004
  pitch: 25.800013
