timestamps:
  login: 1334387032435
  lastteleport: 1334387088299
  logout: 1334387141773
ipAddress: 114.77.104.249
lastlocation:
  world: world
  x: 403.6443829832466
  y: 67.0
  z: 121.0042522918974
  yaw: -179.4932
  pitch: 16.853733
