timestamps:
  login: 1335042716314
  logout: 1335043137108
  lastteleport: 1335042782060
ipAddress: 96.8.147.117
lastlocation:
  world: world
  x: 3056.069245552928
  y: 62.0
  z: 1477.3376459145265
  yaw: 158.48595
  pitch: 26.099989
