timestamps:
  login: 1336604974269
  logout: 1336605000458
  lastteleport: 1336596863796
ipAddress: 174.57.83.117
lastlocation:
  world: world
  x: 3889.844383446908
  y: 75.0
  z: 395.40426753165093
  yaw: 155.49579
  pitch: 8.850235
