timestamps:
  login: 1335400904831
  logout: 1335401086583
  lastteleport: 1335401084599
ipAddress: 67.70.129.9
lastlocation:
  world: world
  x: 1836.1549574693515
  y: 63.0
  z: -680.024757478317
  yaw: 93.68553
  pitch: 9.445
