timestamps:
  login: 1338544170778
  logout: 1338544177475
  lastteleport: 1336994475698
ipAddress: 68.93.109.65
lastlocation:
  world: world
  x: -45.5
  y: 77.0
  z: 436.5
  yaw: -5.8501496
  pitch: 12.149951
