timestamps:
  login: 1335556715359
  logout: 1335556744856
  lastteleport: 1335453313648
ipAddress: 176.250.141.4
lastlocation:
  world: world
  x: 775.2487139976786
  y: 64.0
  z: -1976.8095151679304
  yaw: -266.22632
  pitch: 12.899965
