timestamps:
  login: 1335751027244
  lastteleport: 1335750282144
  logout: 1335751077436
ipAddress: 71.55.142.168
lastlocation:
  world: world
  x: 3892.2388481601383
  y: 64.0
  z: 371.3997814367656
  yaw: 136.59544
  pitch: 20.100214
homes:
  home:
    world: world
    x: 501.7267015611097
    y: 73.0
    z: -1876.3261636497998
    yaw: 177.13281
    pitch: 25.383633
money: 80.0
