timestamps:
  login: 1340155186368
  logout: 1340155301636
ipAddress: 71.11.146.226
lastlocation:
  world: world
  x: -94.38474773583258
  y: 74.0
  z: 472.54271968408113
  yaw: -49.650024
  pitch: -33.750008
