timestamps:
  login: 1338514242062
  logout: 1338514633451
  lastteleport: 1335652694089
ipAddress: 216.118.128.101
lastlocation:
  world: world_nether
  x: 232.52156364137653
  y: 139.0
  z: 144.15161907402228
  yaw: -249.16553
  pitch: 90.0
money: 295.0
