timestamps:
  login: 1338181353157
  lastteleport: 1338181495938
  logout: 1338181530231
ipAddress: 174.92.103.69
lastlocation:
  world: world
  x: -2832.164747141963
  y: 65.0
  z: -2976.8697157762576
  yaw: -141.35289
  pitch: 29.831856
