timestamps:
  login: 1336169399471
  lastteleport: 1336169535414
  logout: 1336169626349
ipAddress: 90.216.178.31
lastlocation:
  world: world
  x: 1189.0845242846763
  y: 60.0
  z: 2577.671944195532
  yaw: -70.84011
  pitch: 8.639928
