timestamps:
  login: 1338251368584
  logout: 1338251468967
ipAddress: 71.229.212.192
lastlocation:
  world: world
  x: -215.30000001192093
  y: 65.0
  z: 251.06748617275014
  yaw: -69.90256
  pitch: 22.264507
