timestamps:
  login: 1338662454502
  logout: 1338048491605
  lastteleport: 1336731107695
ipAddress: 101.162.54.80
lastlocation:
  world: world
  x: 35.99218404002765
  y: 77.0
  z: 343.21822355642684
  yaw: -108.00006
  pitch: 9.300006
