timestamps:
  login: 1334079884245
  lastteleport: 1334079913210
  logout: 1334079971864
ipAddress: 72.197.16.63
lastlocation:
  world: world
  x: 403.76037216808186
  y: 67.0
  z: 122.04041976193581
  yaw: -173.84769
  pitch: 22.065193
