timestamps:
  login: 1334944731696
  lastteleport: 1334944901474
  logout: 1334945161370
ipAddress: 109.58.248.127
lastlocation:
  world: world
  x: 3055.7321845675865
  y: 62.0
  z: 1475.846838641103
  yaw: -184.9713
  pitch: 24.940071
money: 53.0
