timestamps:
  login: 1337020116116
  lastteleport: 1337020407661
  logout: 1337020412807
ipAddress: 122.150.43.140
lastlocation:
  world: world
  x: 778.4875000119209
  y: 54.0
  z: -1015.8572101235749
  yaw: 13.906063
  pitch: 10.424943
