timestamps:
  login: 1335888325998
  lastteleport: 1335888164794
  logout: 1335888471988
ipAddress: 90.196.121.214
lastlocation:
  world: world
  x: 2531.241802011541
  y: 68.0
  z: 1406.9153350197869
  yaw: -226.36076
  pitch: 6.6000166
