timestamps:
  login: 1336482775695
  logout: 1336483651571
  lastteleport: 1336483630111
ipAddress: 90.227.173.235
lastlocation:
  world: world
  x: 3891.508474926667
  y: 64.0
  z: 370.32513056988256
  yaw: 136.59544
  pitch: 20.100214
