timestamps:
  login: 1338532308763
  lastteleport: 1338532396113
  logout: 1338532606477
ipAddress: 68.184.5.202
lastlocation:
  world: world
  x: 3363.2936722301033
  y: 44.0
  z: 3464.5636576970173
  yaw: 244.56458
  pitch: 6.0557656
