timestamps:
  login: 1333958971205
  lastteleport: 1333937818513
  logout: 1333959057591
ipAddress: 124.182.4.135
lastlocation:
  world: world
  x: 393.91870011025514
  y: 66.0
  z: 980.5124999880791
  yaw: 269.05237
  pitch: 22.91771
