timestamps:
  login: 1334689291499
  lastteleport: 1334689622982
  logout: 1334689681122
ipAddress: 75.68.184.145
lastlocation:
  world: world
  x: 2100.699999988079
  y: 70.0
  z: 1337.5764453834436
  yaw: 188.95282
  pitch: 8.328119
