timestamps:
  login: 1340949728571
  logout: 1340949856366
  lastteleport: 1340949785056
ipAddress: 121.220.152.56
lastlocation:
  world: world
  x: 1611.5
  y: 63.0
  z: 623.5
  yaw: -1.5806274
  pitch: 1.0743802
