timestamps:
  login: 1334270463393
  logout: 1334270630483
  lastteleport: 1334270547756
ipAddress: 74.76.20.228
lastlocation:
  world: world
  x: 403.80669002230934
  y: 64.0
  z: 144.7180677147927
  yaw: -172.48517
  pitch: 25.436123
