timestamps:
  login: 1334510192096
  lastteleport: 1334511103482
  logout: 1334511100492
ipAddress: 90.207.180.50
lastlocation:
  world: world
  x: 1500.5701751146973
  y: 70.0
  z: 178.6695896927781
  yaw: -90.11199
  pitch: 4.5390234
