timestamps:
  login: 1335208712199
  lastteleport: 1335208779247
  logout: 1335208956284
ipAddress: 99.2.141.39
lastlocation:
  world: world
  x: 762.3704452982662
  y: 67.0
  z: -2016.0803988048617
  yaw: 88.17575
  pitch: 6.156073
money: 279.0
