timestamps:
  login: 1334006063011
  lastteleport: 1334006110996
  logout: 1334006235758
ipAddress: 71.100.150.19
lastlocation:
  world: world
  x: 403.15367906769865
  y: 67.0
  z: 121.100931695667
  yaw: -182.72247
  pitch: 12.299727
money: 50.0
