timestamps:
  login: 1338645225552
  logout: 1338645534065
ipAddress: 68.111.146.211
lastlocation:
  world: world
  x: -33.39726649439959
  y: 77.0
  z: 414.6886063928968
  yaw: -342.75
  pitch: 10.950015
