timestamps:
  login: 1334540474983
  lastteleport: 1334540626130
  logout: 1334540732188
ipAddress: 70.78.65.16
lastlocation:
  world: world
  x: 1488.872614785466
  y: 70.0
  z: 194.94450987628153
  yaw: -176.12802
  pitch: -10.206571
ban:
  reason: Griefer
