timestamps:
  login: 1333991448054
  lastteleport: 1333990800925
  logout: 1333991456423
ipAddress: 76.10.103.186
lastlocation:
  world: world
  x: 404.0667302299859
  y: 67.0
  z: 120.98948415297909
  yaw: -196.07245
  pitch: 3.8997242
