timestamps:
  login: 1333939732080
  lastteleport: 1333939787589
  logout: 1333939888129
ipAddress: 68.150.155.50
lastlocation:
  world: world
  x: 374.65055528540745
  y: 82.0
  z: 975.4924774315286
  yaw: -167.27086
  pitch: 44.40003
