timestamps:
  login: 1335958800943
  lastteleport: 1335958927667
  logout: 1335958933614
ipAddress: 74.33.95.240
lastlocation:
  world: world
  x: 3859.300000011921
  y: 67.0
  z: 325.30000001192093
  yaw: 165.99536
  pitch: 1.6502187
