timestamps:
  login: 1336168288256
  lastteleport: 1336164873910
  logout: 1336168436349
ipAddress: 76.125.83.146
lastlocation:
  world: world
  x: 3858.300000011921
  y: 40.0
  z: 82.59921796014649
  yaw: 152.79532
  pitch: 90.0
money: 0.0
