timestamps:
  login: 1336283394861
  logout: 1336283395314
  lastteleport: 1336123212865
ipAddress: 121.210.49.182
lastlocation:
  world: world
  x: 3434.3196375604275
  y: 56.5024596349404
  z: 1914.5410088096485
  yaw: 194.32584
  pitch: -3.3000152
