timestamps:
  login: 1335457701995
  lastteleport: 1335358545206
  logout: 1335457892653
ipAddress: 188.181.230.142
lastlocation:
  world: world_the_end
  x: 97.6999999880791
  y: 49.0
  z: 3.309792913757966
  yaw: -167.20032
  pitch: 46.049946
