timestamps:
  login: 1335912302414
  lastteleport: 1335912999911
  logout: 1335913051302
  mute: 1335913487159
ipAddress: 74.243.38.157
lastlocation:
  world: world
  x: 1239.300000011921
  y: 58.0
  z: 2570.4063145878754
  yaw: 118.31329
  pitch: -33.130627
muted: true
