timestamps:
  login: 1338140035266
  logout: 1338140125786
ipAddress: 77.194.253.205
lastlocation:
  world: world
  x: -81.79228997063129
  y: 77.5
  z: 488.83312920047456
  yaw: -342.99808
  pitch: 29.650253
