timestamps:
  login: 1333926712895
  lastteleport: 1333926978825
  logout: 1333927005011
ipAddress: 71.236.98.101
lastlocation:
  world: world
  x: 407.30000001192093
  y: 63.0
  z: 1005.0171609479528
  yaw: -273.29803
  pitch: -3.6370807
