timestamps:
  login: 1334005352617
  lastteleport: 1334005298376
  logout: 1334005361778
ipAddress: 99.250.119.171
lastlocation:
  world: world
  x: 403.73245766390625
  y: 67.0
  z: 124.17035020895104
  yaw: -181.67258
  pitch: 14.8497305
