timestamps:
  login: 1334601023524
  lastteleport: 1334601065052
  logout: 1334601776837
ipAddress: 86.153.6.169
lastlocation:
  world: world
  x: 1501.2508720176706
  y: 70.0
  z: 177.2716282052608
  yaw: 217.0224
  pitch: 7.7934384
