timestamps:
  login: 1336971736281
  logout: 1336971737391
  lastteleport: 1336964108334
ipAddress: 81.159.239.228
lastlocation:
  world: world
  x: 4709.4771120420955
  y: 68.0
  z: 2195.613745154199
  yaw: 204.62427
  pitch: 43.221123
