timestamps:
  login: 1335989561715
  logout: 1335989589585
  lastteleport: 1335989570766
ipAddress: 84.162.235.27
lastlocation:
  world: world
  x: 808.7561037019993
  y: 67.0
  z: -2007.3401666443647
  yaw: 271.5242
  pitch: 19.049974
