timestamps:
  login: 1338220185111
  logout: 1338220311375
  lastteleport: 1337619296366
ipAddress: 144.131.89.141
lastlocation:
  world: world
  x: 12.12979414701578
  y: 77.0
  z: 418.95407461439544
  yaw: 7.049652
  pitch: -5.700002
