timestamps:
  login: 1338365026212
  lastteleport: 1334387364433
  logout: 1338365241804
ipAddress: 71.35.164.12
lastlocation:
  world: world
  x: 169.8341684271939
  y: 1.0
  z: 579.139327503108
  yaw: -108.59709
  pitch: 66.2329
