timestamps:
  login: 1340474659336
  logout: 1340474868859
ipAddress: 66.116.29.219
lastlocation:
  world: world
  x: -82.77450118990964
  y: 74.5
  z: 427.32382394052945
  yaw: 1.3502502
  pitch: 27.600004
