timestamps:
  login: 1334931040257
  lastteleport: 1334931135170
  logout: 1334931298257
ipAddress: 83.189.187.161
lastlocation:
  world: world
  x: 1507.6923696706112
  y: 84.0
  z: -180.5709776811646
  yaw: -199.68323
  pitch: 7.5000343
money: 42.0
