timestamps:
  login: 1333929820585
  lastteleport: 1333929864726
  logout: 1333929893317
ipAddress: 216.130.80.45
lastlocation:
  world: world
  x: 375.257947294931
  y: 89.76636799395752
  z: 973.2064401300784
  yaw: -160.52109
  pitch: 77.99999
