timestamps:
  login: 1334743230585
  logout: 1334743241323
  lastteleport: 1334444881935
ipAddress: 110.33.132.86
lastlocation:
  world: world
  x: 1501.587426783163
  y: 70.0
  z: 177.8650631805957
  yaw: -87.03966
  pitch: 13.755041
