timestamps:
  login: 1340743706915
  lastteleport: 1340679472338
  logout: 1340743893215
ipAddress: 98.234.231.161
lastlocation:
  world: world
  x: -177.72938455815108
  y: 18.0
  z: 380.30000001192093
  yaw: 146.40024
  pitch: 17.250063
