timestamps:
  login: 1338380254515
  lastteleport: 1338380105011
  logout: 1338380351637
ipAddress: 71.208.231.50
lastlocation:
  world: world
  x: 93.42903256689577
  y: 29.0
  z: 501.30000001192093
  yaw: -91.80853
  pitch: 79.796425
