timestamps:
  login: 1335046271625
  logout: 1335046811655
  lastteleport: 1335046720476
ipAddress: 64.64.162.13
lastlocation:
  world: world
  x: 3107.374677745556
  y: 80.0
  z: 1415.661238409157
  yaw: -356.91418
  pitch: 13.199985
money: 297.0
