timestamps:
  login: 1338832522296
  logout: 1338832529933
ipAddress: 99.241.60.188
lastlocation:
  world: world
  x: -43.86119872868062
  y: 77.0
  z: 425.6648566714396
  yaw: 277.94992
  pitch: 10.200013
