timestamps:
  login: 1335826742340
  logout: 1335829280337
  lastteleport: 1335828931398
ipAddress: 220.244.38.234
lastlocation:
  world: world
  x: 3891.2118086188534
  y: 64.0
  z: 370.0114913119472
  yaw: 136.59544
  pitch: 20.100214
money: 285.0
