timestamps:
  login: 1338834705450
  logout: 1338834836980
ipAddress: 94.2.149.193
lastlocation:
  world: world
  x: 99.99480400023421
  y: 74.5
  z: 573.6262211299833
  yaw: 283.21136
  pitch: 53.64351
