timestamps:
  login: 1335741253737
  lastteleport: 1335744344714
  logout: 1335744696901
ipAddress: 76.115.253.82
lastlocation:
  world: world
  x: 3862.718856014636
  y: 87.0
  z: 254.89356977557856
  yaw: -275.25546
  pitch: 3.2202964
money: 54.0
homes:
  home:
    world: world
    x: 3888.700722493075
    y: 64.0
    z: 367.5025632134261
    yaw: 136.99582
    pitch: 18.231806
