timestamps:
  login: 1341020850305
  lastteleport: 1341021329729
  logout: 1341021510178
ipAddress: 98.250.220.207
lastlocation:
  world: world
  x: 2865.3206141418264
  y: 73.0
  z: -84.47156112099815
  yaw: 163.1552
  pitch: 30.6
