timestamps:
  login: 1334480258945
  lastteleport: 1334480328054
  logout: 1334480422046
ipAddress: 58.106.66.111
lastlocation:
  world: world
  x: 2518.699999988079
  y: 83.0
  z: -514.6999999880791
  yaw: -300.80862
  pitch: 34.049995
