timestamps:
  login: 1336196543208
  logout: 1336196873218
  lastteleport: 1336196611387
ipAddress: 81.6.245.12
lastlocation:
  world: world
  x: 3881.009914369187
  y: 64.0
  z: 356.08310075155686
  yaw: 154.2955
  pitch: 15.300216
