timestamps:
  login: 1335555045241
  lastteleport: 1335555204536
  logout: 1335555269499
ipAddress: 82.69.254.102
lastlocation:
  world: world
  x: 3865.618488823422
  y: 64.0
  z: 330.77053933055146
  yaw: -239.90437
  pitch: 11.1
