timestamps:
  login: 1336315855378
  lastteleport: 1336316081412
  logout: 1336316151455
ipAddress: 108.16.41.189
lastlocation:
  world: world
  x: 3886.0805454203273
  y: 64.0
  z: 365.22962276186985
  yaw: 132.54547
  pitch: 10.950213
