timestamps:
  login: 1339289057934
  logout: 1339289512931
ipAddress: 50.104.212.1
lastlocation:
  world: world
  x: 2258.1355777228337
  y: 63.0
  z: 1279.328432643199
  yaw: 359.04926
  pitch: 25.530075
