timestamps:
  login: 1336300794058
  logout: 1336301275704
  lastteleport: 1336300871709
ipAddress: 69.153.6.103
lastlocation:
  world: world
  x: 1851.4338634209173
  y: 63.75
  z: -631.3000000119209
  yaw: -180.21443
  pitch: 10.795017
ban:
  reason: Temporarily banned from server for  7 days
  timeout: 1336906090608
