timestamps:
  login: 1336987606332
  logout: 1336987619998
  lastteleport: 1336966827567
ipAddress: 216.246.244.102
lastlocation:
  world: world
  x: 729.6327721965922
  y: 54.0
  z: -1000.8742922455829
  yaw: 49.649853
  pitch: -37.64997
money: 285.0
homes:
  home:
    world: world
    x: 3329.548093041242
    y: 14.0
    z: 2440.445187117772
    yaw: -262.0365
    pitch: 19.799963
ban:
  reason: and your some fat kid banned
