timestamps:
  login: 1335276243349
  logout: 1335276407557
  lastteleport: 1335276307971
ipAddress: 98.176.92.251
lastlocation:
  world: world
  x: 764.4379781466382
  y: 67.0
  z: -2016.4109607044772
  yaw: -240.27615
  pitch: 6.449997
