timestamps:
  login: 1335210327598
  lastteleport: 1335210415192
  logout: 1335210450575
ipAddress: 86.133.230.21
lastlocation:
  world: world
  x: 794.2075569761423
  y: 67.0
  z: -1996.8250305689003
  yaw: -81.62018
  pitch: 5.1405873
