timestamps:
  login: 1338686930963
  logout: 1338686950533
  lastteleport: 1338684778091
ipAddress: 67.84.24.137
lastlocation:
  world: world
  x: -345.800485180819
  y: 64.0
  z: 266.033653684788
  yaw: 95.99988
  pitch: 27.750013
