timestamps:
  login: 1335888162833
  lastteleport: 1335719014507
  logout: 1335888201938
ipAddress: 87.104.85.182
lastlocation:
  world: world
  x: 3391.7895178405875
  y: 73.0
  z: 1738.7710529700412
  yaw: 352.27124
  pitch: 13.649978
