timestamps:
  login: 1334189238787
  lastteleport: 1334105713866
  logout: 1334189240457
ipAddress: 24.118.45.117
lastlocation:
  world: world
  x: 403.78468056769646
  y: 68.0
  z: 168.42954000125386
  yaw: -185.12247
  pitch: 5.5497293
