timestamps:
  login: 1338612366734
  lastteleport: 1338353406447
  logout: 1338612442641
ipAddress: 76.246.56.164
lastlocation:
  world: world_nether
  x: 261.93941789719327
  y: 128.0
  z: 139.28903807338892
  yaw: -16.515167
  pitch: -0.29997844
