timestamps:
  login: 1340477412240
  logout: 1340477553860
ipAddress: 71.79.58.89
lastlocation:
  world: world
  x: -122.59531272390491
  y: 95.5
  z: 424.12181497212595
  yaw: -73.59214
  pitch: 35.04831
