timestamps:
  login: 1335211611218
  lastteleport: 1335211635104
  logout: 1335211641084
ipAddress: 85.82.5.45
lastlocation:
  world: world
  x: 786.071457113962
  y: 67.0
  z: -2005.3679066859158
  yaw: 173.42384
  pitch: 7.649999
money: 0.0
