timestamps:
  login: 1334590632767
  lastteleport: 1334590672319
  logout: 1334591086407
ipAddress: 81.231.83.166
lastlocation:
  world: world
  x: 1501.3123630755201
  y: 70.0
  z: 172.20543046102364
  yaw: -265.11426
  pitch: 45.647232
