timestamps:
  login: 1333997401561
  lastteleport: 1333997565613
  logout: 1333997567480
ipAddress: 97.77.56.13
lastlocation:
  world: world
  x: 402.95150812066083
  y: 64.0
  z: 142.47918001919203
  yaw: -182.27246
  pitch: 24.449732
