timestamps:
  login: 1340675338544
  logout: 1340675524655
ipAddress: 70.76.54.120
lastlocation:
  world: world
  x: -39.124379247326104
  y: 74.0
  z: 461.59460683642385
  yaw: -275.8506
  pitch: 14.549995
