timestamps:
  login: 1339967670563
  logout: 1339967748609
ipAddress: 76.21.106.15
lastlocation:
  world: world
  x: 0.45967152371662606
  y: 74.0
  z: 474.35548779880173
  yaw: -45.14969
  pitch: -2.5499897
