timestamps:
  login: 1336891037718
  lastteleport: 1336341584057
  logout: 1336891050539
ipAddress: 66.102.150.138
lastlocation:
  world: world
  x: 3982.2513452036064
  y: 72.0
  z: 309.9360986299791
  yaw: 358.14548
  pitch: 39.60022
