timestamps:
  login: 1340474411475
  logout: 1340474528910
ipAddress: 75.18.221.36
lastlocation:
  world: world
  x: 322.69999998807907
  y: 69.0
  z: 843.6999999880791
  yaw: -187.0877
  pitch: -11.600847
