timestamps:
  login: 1336694307454
  lastteleport: 1335824011963
  logout: 1336694380488
ipAddress: 70.72.12.113
lastlocation:
  world: world
  x: 3798.2827195827226
  y: 64.0
  z: 1923.9168227470616
  yaw: 181.18243
  pitch: 9.904097
money: 0.0
