timestamps:
  login: 1336482616901
  lastteleport: 1336482661302
  logout: 1336482716521
ipAddress: 81.166.189.74
lastlocation:
  world: world
  x: 3858.359408852168
  y: 71.0
  z: 320.5821252850815
  yaw: 182.1955
  pitch: 0.45022193
