timestamps:
  login: 1334807184149
  lastteleport: 1334791296349
  logout: 1334807206447
ipAddress: 60.229.206.199
lastlocation:
  world: world
  x: 1568.9031288589733
  y: 67.0
  z: -187.3852465833427
  yaw: -282.0318
  pitch: 12.243419
