timestamps:
  login: 1334386836634
  lastteleport: 1334387761220
  logout: 1334387816999
ipAddress: 124.184.5.7
lastlocation:
  world: world
  x: -176.67966889412176
  y: 74.0
  z: -58.41590456419625
  yaw: -226.52267
  pitch: 13.050128
money: 390.0
