timestamps:
  login: 1338457268060
  logout: 1338457659778
ipAddress: 108.215.4.144
lastlocation:
  world: world
  x: 46.300000011920915
  y: 21.0
  z: 295.3391417708089
  yaw: 138.50171
  pitch: -55.649998
