timestamps:
  login: 1336199488257
  lastteleport: 1336199681605
  logout: 1336199721401
ipAddress: 70.76.138.118
lastlocation:
  world: world
  x: 3541.9832785910053
  y: 81.0
  z: 1760.2456247966786
  yaw: 130.49655
  pitch: 27.52181
money: 990.0
