timestamps:
  login: 1339964957477
  logout: 1339964962178
ipAddress: 68.194.160.183
lastlocation:
  world: world
  x: -47.345128090186364
  y: 76.0
  z: 423.9376824871039
  yaw: -53.40001
  pitch: 11.250007
