timestamps:
  login: 1338663062898
  logout: 1338663069050
ipAddress: 92.21.181.113
lastlocation:
  world: world
  x: -48.5
  y: 80.0
  z: 428.5
  yaw: 89.39981
  pitch: 18.15002
