timestamps:
  login: 1337847769318
  lastteleport: 1337848201849
  logout: 1337848286913
ipAddress: 98.221.10.248
lastlocation:
  world: world
  x: 1570.2261677117585
  y: 60.0
  z: 38.328574622463165
  yaw: 241.45422
  pitch: 39.296223
