timestamps:
  login: 1336748828924
  logout: 1336748961453
  lastteleport: 1335469996442
ipAddress: 82.16.98.172
lastlocation:
  world: world
  x: 733.3000000119209
  y: 73.0
  z: -1990.433617182358
  yaw: 268.6738
  pitch: 12.1500025
money: 296.0
