timestamps:
  login: 1340501764142
  lastteleport: 1340501956410
  logout: 1340501957403
ipAddress: 124.171.12.55
lastlocation:
  world: world
  x: -45.5
  y: 77.0
  z: 426.5
  yaw: 0.4499817
  pitch: 52.050007
