timestamps:
  login: 1340473959770
  lastteleport: 1340474177599
  logout: 1340474182165
ipAddress: 2.223.180.206
lastlocation:
  world: world
  x: -46.396032690113266
  y: 75.0
  z: 434.1395720643872
  yaw: -40.800026
  pitch: 11.250002
