timestamps:
  login: 1335049758080
  logout: 1335049928643
  lastteleport: 1335049910178
ipAddress: 99.52.180.235
lastlocation:
  world: world
  x: 3107.3055385448997
  y: 80.0
  z: 1415.7251658953805
  yaw: -356.91418
  pitch: 13.199985
