timestamps:
  login: 1340474570703
  logout: 1340474848910
ipAddress: 2.220.250.111
lastlocation:
  world: world
  x: -102.89051637258216
  y: 74.0
  z: 415.97621025533607
  yaw: -163.95001
  pitch: 55.500015
