timestamps:
  login: 1335136601852
  logout: 1335136636524
  lastteleport: 1335136622742
ipAddress: 108.172.96.173
lastlocation:
  world: world
  x: 3305.687426910675
  y: 62.0
  z: 1793.6385886503215
  yaw: 106.19762
  pitch: 11.032704
