timestamps:
  login: 1340062081431
  logout: 1340062132484
ipAddress: 184.153.174.204
lastlocation:
  world: world_nether
  x: 269.33543261728244
  y: 128.0
  z: 116.47436418956559
  yaw: -196.29279
  pitch: 19.697853
