timestamps:
  login: 1334065464895
  lastteleport: 1334065503346
  logout: 1334065659679
ipAddress: 86.10.191.20
lastlocation:
  world: world
  x: 403.4524087244242
  y: 67.0
  z: 131.91228669286556
  yaw: -356.12238
  pitch: 14.09974
money: 0.0
