timestamps:
  login: 1335028799035
  logout: 1335029235900
  lastteleport: 1335029061721
ipAddress: 70.75.150.214
lastlocation:
  world: world
  x: 3760.4391431817276
  y: 76.0
  z: 1779.446394657587
  yaw: 319.27234
  pitch: 4.0499754
money: 0.0
