timestamps:
  login: 1339978831310
  logout: 1339978843559
ipAddress: 75.138.184.76
lastlocation:
  world: world
  x: -160.57780980296545
  y: 68.0
  z: 658.3895188333927
  yaw: -142.65045
  pitch: 71.4
