timestamps:
  login: 1333989624416
  logout: 1333990097462
  lastteleport: 1333990002811
ipAddress: 71.131.10.152
lastlocation:
  world: world
  x: 376.47438055907594
  y: 65.0
  z: 936.8542630657012
  yaw: 179.97766
  pitch: 23.099924
