timestamps:
  login: 1338439563170
  logout: 1338440189673
ipAddress: 98.17.28.187
lastlocation:
  world: world
  x: -49.181835445042594
  y: 80.0
  z: 428.8539593068008
  yaw: -222.60777
  pitch: 23.57737
