timestamps:
  login: 1338345672467
  lastteleport: 1334507523811
  logout: 1338345803089
ipAddress: 85.211.122.18
lastlocation:
  world: world
  x: 201.69999998807907
  y: 79.0
  z: 215.30000001192093
  yaw: -166.59831
  pitch: -5.749743
