timestamps:
  login: 1339272373207
  logout: 1339272392930
ipAddress: 173.3.12.71
lastlocation:
  world: world
  x: -32.651711389858505
  y: 82.0
  z: 425.4105318968019
  yaw: 86.549835
  pitch: 12.299995
