timestamps:
  login: 1338652928996
  lastteleport: 1338654812513
  logout: 1338655089143
ipAddress: 24.5.5.108
lastlocation:
  world: world
  x: 7.2144515042855675
  y: 100.1875
  z: 463.61079673745223
  yaw: -256.65015
  pitch: 47.399994
ban:
  reason: Hack what, bitch?
