timestamps:
  login: 1336441908371
  lastteleport: 1336442146247
  logout: 1336442772123
ipAddress: 76.236.177.172
lastlocation:
  world: world
  x: 3879.2388819096786
  y: 80.0
  z: 314.7429985217656
  yaw: 270.69684
  pitch: 14.100178
money: 138.0
