timestamps:
  login: 1336326577284
  lastteleport: 1336327206591
  logout: 1336327372365
ipAddress: 173.76.22.160
lastlocation:
  world: world
  x: 1296.371110532098
  y: 58.0
  z: 2566.8443577035086
  yaw: 276.07617
  pitch: 13.312133
