timestamps:
  login: 1335121388096
  lastteleport: 1335121444543
  logout: 1335121473931
ipAddress: 74.78.120.254
lastlocation:
  world: world
  x: 3205.651114710212
  y: 74.0
  z: 573.309295246659
  yaw: -138.04999
  pitch: 7.9051275
money: 299.0
