timestamps:
  login: 1337923401936
  lastteleport: 1337923991081
  logout: 1337924139931
ipAddress: 67.241.30.134
lastlocation:
  world: world
  x: -19.12997106781673
  y: 77.5
  z: 446.47591842208664
  yaw: -30.708265
  pitch: 5.048399
