timestamps:
  login: 1336233624702
  lastteleport: 1336235746504
  logout: 1336235795294
ipAddress: 88.88.95.233
lastlocation:
  world: world
  x: 3890.747878750258
  y: 64.0
  z: 369.2078432747836
  yaw: 167.94547
  pitch: 48.60021
homes:
  home:
    world: world
    x: 3966.699999988079
    y: 44.0
    z: 834.4569496414265
    yaw: 94.89488
    pitch: 35.99997
