timestamps:
  login: 1338109908589
  lastteleport: 1338107557581
  logout: 1338109914270
ipAddress: 209.195.184.247
lastlocation:
  world: world
  x: 310.3438838832059
  y: 68.0
  z: 296.08580223096175
  yaw: 159.50252
  pitch: 10.199971
