timestamps:
  login: 1336412607631
  lastteleport: 1335448513990
  logout: 1336412620289
ipAddress: 71.84.169.67
lastlocation:
  world: world_the_end
  x: 59.709047323770754
  y: 50.0
  z: 10.824484511218872
  yaw: 231.96478
  pitch: 33.177605
money: 0.0
