timestamps:
  login: 1334858927550
  logout: 1334859271688
  lastteleport: 1334858968902
ipAddress: 99.35.233.90
lastlocation:
  world: world
  x: 1505.8535050321018
  y: 84.0
  z: -196.8703432078308
  yaw: -271.8382
  pitch: -19.52186
money: 0.0
