timestamps:
  login: 1336243039258
  lastteleport: 1336243149101
  logout: 1336243189078
  mute: 0
ipAddress: 76.108.97.138
lastlocation:
  world: world
  x: 817.9522717005759
  y: 64.0
  z: -1173.8130798141597
  yaw: -84.22973
  pitch: 0.9762974
money: 6665.0
homes:
  home:
    world: world
    x: -198.88145958076274
    y: 67.0
    z: -676.5315831020836
    yaw: -348.30566
    pitch: 36.899994
muted: false
