timestamps:
  login: 1334600075504
  lastteleport: 1334600233752
  mute: 1334600324905
  logout: 1334600309746
ipAddress: 2.223.132.234
lastlocation:
  world: world
  x: 1488.3161861626645
  y: 70.0
  z: 190.24851297015624
  yaw: -174.20312
  pitch: -0.8508835
muted: true
