timestamps:
  login: 1334079861742
  lastteleport: 1334080608516
  logout: 1334080763400
ipAddress: 173.59.2.33
lastlocation:
  world: world
  x: 422.09894836492725
  y: 64.0
  z: 161.1010165485104
  yaw: -287.37817
  pitch: 30.351336
money: 70.0
