timestamps:
  login: 1335753485662
  lastteleport: 1335732176269
  logout: 1335753538588
ipAddress: 24.182.27.241
lastlocation:
  world: world
  x: 3891.508474926667
  y: 64.0
  z: 370.32513056988256
  yaw: 136.59544
  pitch: 20.100214
