timestamps:
  login: 1334004066239
  lastteleport: 1334004330026
  logout: 1334004343099
ipAddress: 63.254.150.197
lastlocation:
  world: world
  x: 403.4283662679224
  y: 67.0
  z: 120.92561399564526
  yaw: 180.82434
  pitch: 10.049627
