timestamps:
  login: 1335890047763
  lastteleport: 1335890213851
  logout: 1335890286938
ipAddress: 66.41.219.70
lastlocation:
  world: world
  x: 3860.317085872971
  y: 71.0
  z: 320.80818742982507
  yaw: 176.49551
  pitch: -6.7497635
