timestamps:
  login: 1338685842534
  lastteleport: 1338685926473
  logout: 1338685987785
ipAddress: 67.84.144.3
lastlocation:
  world: world
  x: -47.89230108514652
  y: 80.0
  z: 428.15812263543364
  yaw: 193.15952
  pitch: 3.3203545
