timestamps:
  login: 1335906853188
  lastteleport: 1335907594148
  logout: 1335907655850
ipAddress: 75.51.109.81
lastlocation:
  world: world
  x: 3858.2927860626082
  y: 70.0
  z: 322.9770985367088
  yaw: 105.69541
  pitch: -19.949766
