timestamps:
  login: 1334006200483
  lastteleport: 1334006414425
  logout: 1334006513276
ipAddress: 65.190.142.176
lastlocation:
  world: world
  x: 277.63335381520847
  y: 76.0
  z: 225.4176193772101
  yaw: 41.527493
  pitch: 10.199755
