timestamps:
  login: 1334013002163
  lastteleport: 1334014023992
  logout: 1334014205385
ipAddress: 124.183.164.6
lastlocation:
  world: world
  x: 403.4980571578653
  y: 68.0
  z: 168.10653057420524
  yaw: -178.97237
  pitch: 28.349737
