timestamps:
  login: 1341000755843
  logout: 1341002638056
  lastteleport: 1341002108765
ipAddress: 68.46.10.137
lastlocation:
  world: world
  x: 201.43494886627852
  y: 90.0
  z: 191.03754766835007
  yaw: -220.64972
  pitch: 34.799965
