timestamps:
  login: 1335736368704
  lastteleport: 1335736458203
  logout: 1335736586589
ipAddress: 98.110.180.86
lastlocation:
  world: world
  x: 3860.989714738119
  y: 71.0
  z: 320.69999998807907
  yaw: 162.24518
  pitch: 3.0002081
