timestamps:
  login: 1334065293638
  lastteleport: 1334065375384
  logout: 1334065534629
ipAddress: 69.127.18.63
lastlocation:
  world: world
  x: 404.2556836741281
  y: 64.0
  z: 147.1750189427525
  yaw: -160.82227
  pitch: 20.249727
