timestamps:
  login: 1336809956014
  logout: 1336810011744
  lastteleport: 1336809961689
ipAddress: 71.68.59.176
lastlocation:
  world: world
  x: 3860.897037262419
  y: 73.0
  z: 327.1701688389803
  yaw: 185.04533
  pitch: -90.0
