timestamps:
  login: 1338263442837
  lastteleport: 1337280348277
  logout: 1338263647905
ipAddress: 75.194.0.52
lastlocation:
  world: world
  x: 676.7856521931021
  y: 63.0
  z: 1179.0737506883884
  yaw: -209.40111
  pitch: 10.499975
