timestamps:
  login: 1337575866308
  lastteleport: 1337575883451
  logout: 1337576069194
ipAddress: 75.159.201.144
lastlocation:
  world: world
  x: -31.285970531213792
  y: 74.0
  z: 414.9353659252204
  yaw: -145.05093
  pitch: 9.348486
