timestamps:
  login: 1335571870404
  lastteleport: 1335571797301
  logout: 1335571998244
ipAddress: 173.30.229.217
lastlocation:
  world: world
  x: 3864.4966787100157
  y: 64.0
  z: 330.93691810626854
  yaw: 133.29544
  pitch: 16.350208
