timestamps:
  login: 1335302591161
  lastteleport: 1335302658060
  logout: 1335302802606
ipAddress: 92.32.5.3
lastlocation:
  world: world
  x: 765.2719973092119
  y: 67.0
  z: -1988.4312555132267
  yaw: -92.676476
  pitch: 7.650025
