timestamps:
  login: 1335282516076
  lastteleport: 1335282405095
  logout: 1335282572836
ipAddress: 78.69.229.132
lastlocation:
  world: world
  x: 770.0749999880791
  y: 66.0
  z: -2045.5451208375614
  yaw: 8.175803
  pitch: 1.5168304
money: 297.0
