timestamps:
  login: 1335406220166
  lastteleport: 1335406746252
  logout: 1335406761151
ipAddress: 67.10.179.120
lastlocation:
  world: world
  x: 3799.3677666893836
  y: 67.0
  z: 1936.025578798599
  yaw: 179.42996
  pitch: 16.200016
