timestamps:
  login: 1338015248523
  lastteleport: 1337855530081
  logout: 1338015287810
ipAddress: 67.166.220.207
lastlocation:
  world: world
  x: 1229.252373172358
  y: 70.6037636546968
  z: 3359.5860579195455
  yaw: -36.943737
  pitch: -6.8939238
ban:
  reason: Temporarily banned from server for  1 second
  timeout: 0
