timestamps:
  login: 1336247089100
  lastteleport: 1336247144946
  logout: 1336248459530
ipAddress: 67.170.240.131
lastlocation:
  world: world
  x: 3865.5847558589085
  y: 64.0
  z: 334.4304730809622
  yaw: 174.84537
  pitch: 27.600185
