timestamps:
  login: 1334003511247
  lastteleport: 1334003714222
  logout: 1334003793099
ipAddress: 176.11.0.100
lastlocation:
  world: world
  x: 403.8801709804303
  y: 68.0
  z: 186.62443097812172
  yaw: -176.72249
  pitch: 22.94973
