timestamps:
  login: 1333925694867
  lastteleport: 1333925744405
  logout: 1333925821275
ipAddress: 69.127.191.172
lastlocation:
  world: world
  x: 376.50848773092275
  y: 65.0
  z: 935.9346563782198
  yaw: 169.02863
  pitch: 19.19997
