timestamps:
  login: 1337114297840
  logout: 1337114332074
  lastteleport: 1337114320578
ipAddress: 213.67.33.57
lastlocation:
  world: world
  x: -45.5
  y: 74.0
  z: 436.5
  yaw: -108.260864
  pitch: 59.47134
