timestamps:
  login: 1338592875358
  lastteleport: 1337635890866
  logout: 1338592879250
ipAddress: 212.226.74.165
lastlocation:
  world: world
  x: -93.114406254511
  y: 77.0
  z: 474.51053683783243
  yaw: 23.099833
  pitch: 8.249938
