timestamps:
  login: 1335482596130
  lastteleport: 1335482604829
  logout: 1335482637313
ipAddress: 68.36.209.109
lastlocation:
  world: world
  x: 734.1408299915121
  y: 73.0
  z: -1990.4067620346584
  yaw: 277.33972
  pitch: 10.548692
