timestamps:
  login: 1335896619240
  lastteleport: 1335896634200
  logout: 1335896638543
ipAddress: 78.69.93.136
lastlocation:
  world: world
  x: 3883.6073011597314
  y: 64.0
  z: 361.3793137062475
  yaw: 159.24542
  pitch: 21.000214
