timestamps:
  login: 1340473963170
  logout: 1340474028076
ipAddress: 92.11.177.188
lastlocation:
  world: world
  x: -43.72466845704868
  y: 77.0
  z: 426.33588381436095
  yaw: -295.94977
  pitch: 11.249946
