timestamps:
  login: 1338099891236
  logout: 1338099910354
ipAddress: 213.113.166.195
lastlocation:
  world: world
  x: 21.070407137058815
  y: 13.0
  z: 346.8711630927727
  yaw: -300.39798
  pitch: -42.04973
