timestamps:
  login: 1338328894318
  logout: 1338329037190
ipAddress: 90.206.102.246
lastlocation:
  world: world
  x: -48.99272045082799
  y: 80.0
  z: 428.82514625427785
  yaw: -149.34805
  pitch: 8.500267
