timestamps:
  login: 1336574990078
  lastteleport: 1334435855234
  logout: 1336575267753
ipAddress: 92.5.254.118
lastlocation:
  world: world
  x: 723.5
  y: 72.62000000476837
  z: -2000.5
  yaw: 0.0
  pitch: 0.0
homes:
  home:
    world: world
    x: 1248.300000011921
    y: 78.0
    z: -40.81193731593431
    yaw: -76.38138
    pitch: 17.849644
money: 40.0
