timestamps:
  login: 1335381556655
  lastteleport: 1335381032904
  logout: 1335381735997
ipAddress: 217.211.191.42
lastlocation:
  world: world
  x: 770.6931688056574
  y: 143.0
  z: -2009.7327190650371
  yaw: -284.61758
  pitch: 78.41232
