timestamps:
  login: 1340546342220
  logout: 1340546414687
ipAddress: 94.12.92.127
lastlocation:
  world: world
  x: -56.003523751038045
  y: 75.5
  z: 428.58468497348736
  yaw: 282.88498
  pitch: -28.935257
