timestamps:
  login: 1340474466079
  logout: 1340474469134
ipAddress: 86.163.233.27
lastlocation:
  world: world
  x: -297.6339155186793
  y: 72.0
  z: 665.442156833046
  yaw: 16.185051
  pitch: -6.3209634
