timestamps:
  login: 1338565042955
  logout: 1338565513467
  lastteleport: 1338565360488
ipAddress: 60.225.80.222
lastlocation:
  world: world
  x: -48.911560577258875
  y: 77.0
  z: 494.91474690868864
  yaw: -174.15045
  pitch: -2.100005
