timestamps:
  login: 1334004493851
  lastteleport: 1334004521228
  logout: 1334004525751
ipAddress: 24.166.151.65
lastlocation:
  world: world
  x: 434.5482076987375
  y: 62.0
  z: 812.5103336772534
  yaw: 57.279182
  pitch: 6.450006
