timestamps:
  login: 1338126975472
  logout: 1338127153003
  lastteleport: 1338127127681
ipAddress: 124.169.69.97
lastlocation:
  world: world
  x: 1526.5
  y: 70.0
  z: -50.5
  yaw: -258.55426
  pitch: 19.949999
