timestamps:
  login: 1335212315215
  lastteleport: 1335212601647
  logout: 1335212871134
ipAddress: 173.218.238.74
lastlocation:
  world: world
  x: 768.7038205653522
  y: 67.0
  z: -2015.1684060709354
  yaw: 136.27887
  pitch: 22.653687
