timestamps:
  login: 1340733898730
  logout: 1340733904604
  lastteleport: 1340309321998
ipAddress: 24.91.31.70
lastlocation:
  world: world
  x: 1665.7605816887287
  y: 65.0
  z: 16.303558940406006
  yaw: 266.8178
  pitch: 19.316427
