timestamps:
  login: 1336369862513
  lastteleport: 1336371180135
  logout: 1336371200932
ipAddress: 98.165.44.251
lastlocation:
  world: world
  x: 3858.979784920556
  y: 71.0
  z: 320.9958218110137
  yaw: -181.55455
  pitch: -12.149762
ban:
  reason: Temporarily banned from server for  2 days 23 hours 59 minutes 59 seconds
  timeout: 1336657752796
