timestamps:
  login: 1338167951323
  lastteleport: 1334618450980
  logout: 1338168110471
ipAddress: 96.240.29.52
lastlocation:
  world: world
  x: 148.1794936454308
  y: 79.0
  z: 692.7457050888637
  yaw: -61.29782
  pitch: 10.900235
