timestamps:
  login: 1334699086035
  lastteleport: 1334479770756
  logout: 1334699205382
ipAddress: 166.164.113.120
lastlocation:
  world: world
  x: 1489.1486237525858
  y: 70.0
  z: 194.12853417174205
  yaw: -190.97798
  pitch: 11.393437
