timestamps:
  login: 1335902117376
  logout: 1335902234286
  lastteleport: 1335902150012
ipAddress: 142.227.238.211
lastlocation:
  world: world
  x: 3873.750659040051
  y: 64.0
  z: 341.5172482852172
  yaw: 135.24536
  pitch: 12.300204
