timestamps:
  login: 1335108149698
  lastteleport: 1335108180906
  logout: 1335108540597
ipAddress: 50.9.72.90
lastlocation:
  world: world
  x: 3101.300000011921
  y: 74.0
  z: 804.4972355542669
  yaw: -220.6895
  pitch: 10.6159
