timestamps:
  login: 1335586909356
  lastteleport: 1335588044296
  logout: 1335588729949
ipAddress: 64.238.242.2
lastlocation:
  world: world
  x: 3860.201749694263
  y: 64.0
  z: -736.0223709460198
  yaw: -40.95265
  pitch: 7.072968
homes:
  home:
    world: world
    x: 3864.2009061390195
    y: 28.0
    z: -735.6771316940634
    yaw: -209.07175
    pitch: -2.201064
