timestamps:
  login: 1338832570750
  logout: 1338832949920
ipAddress: 184.99.119.59
lastlocation:
  world: world
  x: -18.065160107061125
  y: 74.0
  z: 398.5020246374621
  yaw: -145.04965
  pitch: 12.300016
