timestamps:
  login: 1336664802532
  lastteleport: 1336665288418
  logout: 1336665321564
ipAddress: 86.20.13.90
lastlocation:
  world: world
  x: 3860.699999988079
  y: 71.0
  z: 320.4799605553335
  yaw: -185.90428
  pitch: -1.1998129
