timestamps:
  login: 1336429039257
  lastteleport: 1336263724934
  logout: 1336429120875
ipAddress: 76.91.37.32
lastlocation:
  world: world
  x: 2327.300000011921
  y: 61.0
  z: -3.418204268899828
  yaw: 91.70614
  pitch: 14.592294
homes:
  home:
    world: world
    x: 1498.8455347905308
    y: 64.0
    z: 3374.8748012962637
    yaw: 259.09448
    pitch: 16.641613
