timestamps:
  login: 1335895682799
  lastteleport: 1335896107100
  logout: 1335896193543
ipAddress: 86.136.68.186
lastlocation:
  world: world_nether
  x: -97.30000001192093
  y: 77.0
  z: 595.9886355583945
  yaw: 238.54375
  pitch: 14.550003
