timestamps:
  login: 1337881071318
  lastteleport: 1337881171960
  logout: 1337881396000
ipAddress: 202.156.34.21
lastlocation:
  world: world
  x: -116.4231315455074
  y: 78.0
  z: 396.56829304197134
  yaw: -84.99786
  pitch: 35.95027
