timestamps:
  login: 1335972532358
  logout: 1335972963891
  lastteleport: 1335972674841
ipAddress: 63.226.214.63
lastlocation:
  world: world
  x: 765.2067720282217
  y: 67.0
  z: -2015.4400441311793
  yaw: 174.47942
  pitch: 13.458282
money: 20.0
