timestamps:
  login: 1340575624911
  logout: 1340575845194
ipAddress: 74.97.38.153
lastlocation:
  world: world
  x: -127.48909555461432
  y: 93.5
  z: 433.6917997123051
  yaw: -295.80057
  pitch: 69.60001
