timestamps:
  login: 1334050256060
  lastteleport: 1334050320008
  logout: 1334050484002
ipAddress: 86.161.176.76
lastlocation:
  world: world
  x: 401.8470735985062
  y: 62.0
  z: 126.59594091985348
  yaw: -172.08914
  pitch: 6.4901724
