timestamps:
  login: 1335988038453
  lastteleport: 1335988779001
  logout: 1335988921052
ipAddress: 81.183.93.214
lastlocation:
  world: world
  x: 3891.508474926667
  y: 64.0
  z: 370.32513056988256
  yaw: 57.438995
  pitch: 32.61815
