timestamps:
  login: 1337492652101
  lastteleport: 1337493079599
  logout: 1337493091217
ipAddress: 99.238.195.56
lastlocation:
  world: world
  x: -44.06137098588826
  y: 74.0
  z: 436.40046077287565
  yaw: 63.67017
  pitch: 16.192871
money: 298.0
