timestamps:
  login: 1334620086081
  lastteleport: 1334620183024
  logout: 1334620247679
ipAddress: 68.190.216.31
lastlocation:
  world: world
  x: 2102.9560402656475
  y: 70.0
  z: 1365.081301833033
  yaw: -38.46042
  pitch: 6.7499504
