timestamps:
  login: 1335209026908
  lastteleport: 1335208844793
  logout: 1335209056563
ipAddress: 109.176.238.157
lastlocation:
  world: world
  x: 775.6136942942641
  y: 67.0
  z: -2014.316075175936
  yaw: -2.675047
  pitch: 7.349993
