timestamps:
  login: 1340898639588
  logout: 1340898989025
ipAddress: 174.35.202.49
lastlocation:
  world: world_nether
  x: 280.20888410926847
  y: 128.0
  z: 140.23860185358097
  yaw: -224.41174
  pitch: 13.057053
