timestamps:
  login: 1335486706271
  lastteleport: 1335486833285
  logout: 1335486884277
ipAddress: 69.127.107.75
lastlocation:
  world: world
  x: 1844.7161199424997
  y: 63.0
  z: -672.5397491062902
  yaw: 290.03162
  pitch: 9.862648
