timestamps:
  login: 1338379976576
  logout: 1338380071687
  lastteleport: 1337489591785
ipAddress: 98.88.87.228
lastlocation:
  world: world
  x: -26.383326010181648
  y: 77.0
  z: 451.40205607731986
  yaw: 124.558754
  pitch: 10.527224
