timestamps:
  login: 1336512457848
  logout: 1336516332383
  lastteleport: 1336512420521
ipAddress: 173.65.30.247
lastlocation:
  world: world
  x: 3802.051266239968
  y: 56.0
  z: 465.80931071904314
  yaw: -5.754486
  pitch: 18.300001
