timestamps:
  login: 1334024125589
  logout: 1334026199244
  lastteleport: 1334026082403
ipAddress: 207.81.46.146
lastlocation:
  world: world
  x: 402.8571066831038
  y: 68.0
  z: 167.46139753326628
  yaw: -159.32239
  pitch: 31.949743
