timestamps:
  login: 1340578579913
  logout: 1340578645146
ipAddress: 192.195.154.119
lastlocation:
  world: world
  x: -109.69999998807907
  y: 74.0
  z: 476.4794747028157
  yaw: 234.00017
  pitch: -0.8999753
