timestamps:
  login: 1340791477189
  logout: 1340791713766
ipAddress: 213.10.159.122
lastlocation:
  world: world
  x: 107.89082409968498
  y: 62.27799142721244
  z: 574.8882866546244
  yaw: -15.750059
  pitch: 16.650034
