timestamps:
  login: 1338274162747
  logout: 1338274520758
ipAddress: 67.225.30.75
lastlocation:
  world: world
  x: 32.155405698354514
  y: 45.0
  z: 274.4401493602142
  yaw: -247.74861
  pitch: 26.050257
