timestamps:
  login: 1338595561308
  logout: 1338595585635
ipAddress: 86.173.51.117
lastlocation:
  world: world
  x: -56.14070901245565
  y: 78.5
  z: 429.5684581029793
  yaw: 191.70001
  pitch: 16.800024
