timestamps:
  login: 1334348418789
  lastteleport: 1334280405665
  logout: 1334348505262
ipAddress: 68.97.12.41
lastlocation:
  world: world
  x: 634.3938708300119
  y: 65.0
  z: 665.9619119725986
  yaw: 20.425255
  pitch: -4.1999893
homes:
  home:
    world: world
    x: 649.7015980632166
    y: 67.0
    z: 710.6801193572496
    yaw: -22.474854
    pitch: 25.950005
