timestamps:
  login: 1340005646477
  lastteleport: 1336245638839
  logout: 1340005668560
ipAddress: 184.12.168.127
lastlocation:
  world: world
  x: 31.902656495686344
  y: 75.0
  z: 500.28373992940345
  yaw: -65.55001
  pitch: 40.04999
