timestamps:
  login: 1334190029509
  lastteleport: 1334190136007
  logout: 1334190148792
ipAddress: 173.67.32.219
lastlocation:
  world: world
  x: 379.04494734223505
  y: 64.0
  z: 149.7733951094586
  yaw: -7.0972576
  pitch: 29.736305
