timestamps:
  login: 1340827946457
  logout: 1340827969597
  lastteleport: 1340827816061
ipAddress: 108.66.55.67
lastlocation:
  world: world
  x: -1099.0475142578186
  y: 35.0
  z: -13.300000011920924
  yaw: 31.802368
  pitch: 14.70002
