timestamps:
  login: 1334058131058
  lastteleport: 1333991960258
  logout: 1334058134052
ipAddress: 164.126.56.223
lastlocation:
  world: world
  x: 406.4229496621887
  y: 63.0
  z: 132.61742926393381
  yaw: 14.292222
  pitch: 5.7753263
