timestamps:
  login: 1335290310904
  logout: 1335290285244
  lastteleport: 1335290973803
ipAddress: 78.150.16.23
lastlocation:
  world: world
  x: 3533.4933143272797
  y: 104.0
  z: 1848.9330713528955
  yaw: -93.82791
  pitch: 49.63653
money: 298.0
