timestamps:
  login: 1335557353646
  lastteleport: 1335557303456
  logout: 1335557358543
  mute: 1336557372901
ipAddress: 69.143.210.180
lastlocation:
  world: world
  x: 3890.8957694465034
  y: 64.0
  z: 369.3540924639939
  yaw: 136.59544
  pitch: 20.100214
muted: true
