timestamps:
  login: 1338191268629
  logout: 1338191580641
ipAddress: 24.105.159.169
lastlocation:
  world: world
  x: -56.58355326282161
  y: 77.0
  z: 443.8482603498895
  yaw: -263.72253
  pitch: 18.174465
