timestamps:
  login: 1335720900770
  lastteleport: 1335720945633
  logout: 1335720959563
ipAddress: 208.107.49.85
lastlocation:
  world: world_nether
  x: 492.85363199321733
  y: 87.0
  z: 40.6946424346739
  yaw: 81.095406
  pitch: 27.149992
