timestamps:
  login: 1340475256820
  logout: 1340475263860
ipAddress: 184.146.7.210
lastlocation:
  world: world
  x: -44.363202204985974
  y: 74.0
  z: 416.0537827846981
  yaw: -102.45008
  pitch: 17.099989
