timestamps:
  login: 1334411443229
  lastteleport: 1334411425832
  logout: 1334411558469
ipAddress: 80.1.214.9
lastlocation:
  world: world
  x: 402.74321248265915
  y: 68.0
  z: 188.3531159853482
  yaw: -195.21806
  pitch: 14.991334
