timestamps:
  login: 1338166704557
  lastteleport: 1334878772604
  logout: 1338166820472
ipAddress: 67.253.114.127
lastlocation:
  world: world
  x: 27.64904164779714
  y: 88.0
  z: 435.25993742284
  yaw: 169.1513
  pitch: 53.437717
