timestamps:
  login: 1336295917552
  lastteleport: 1336296026901
  logout: 1336296248746
ipAddress: 176.24.116.217
lastlocation:
  world: world_nether
  x: 481.8866417098405
  y: 83.0
  z: 23.30000001192093
  yaw: -195.7026
  pitch: 34.69802
money: 18.0
