timestamps:
  login: 1333944199431
  lastteleport: 1333942692303
  logout: 1333944273712
ipAddress: 154.5.130.246
lastlocation:
  world: world
  x: 250.87044732659723
  y: 68.0
  z: 602.9352171286356
  yaw: 300.72974
  pitch: 40.04998
