timestamps:
  login: 1340453478021
  logout: 1340453572768
ipAddress: 82.74.10.204
lastlocation:
  world: world
  x: 152.1289652375479
  y: 75.0
  z: 658.9978002558883
  yaw: -36.5997
  pitch: -2.2499995
