timestamps:
  login: 1336721492194
  lastteleport: 1336722366266
  logout: 1336723171670
ipAddress: 94.172.162.145
lastlocation:
  world: world
  x: 2461.413544477973
  y: 72.0
  z: 1060.9115665602753
  yaw: -31.436096
  pitch: 29.768684
money: 7.0
homes:
  home:
    world: world
    x: 894.699999988079
    y: 64.0
    z: -2060.826602002842
    yaw: 80.124146
    pitch: 22.19995
