timestamps:
  login: 1336526284212
  lastteleport: 1336258764851
  logout: 1336526358182
ipAddress: 99.224.194.35
lastlocation:
  world: world
  x: 4018.8878184272407
  y: 62.0
  z: 345.69999998807907
  yaw: -170.4544
  pitch: 17.85033
