timestamps:
  login: 1338126435687
  logout: 1338126563337
  lastteleport: 1336241447141
ipAddress: 99.44.38.125
lastlocation:
  world: world
  x: 4.013529971497475
  y: 77.0
  z: 441.4015681942524
  yaw: -306.8274
  pitch: 6.3863072
