timestamps:
  login: 1336436675659
  logout: 1336436786301
  lastteleport: 1336436532760
ipAddress: 173.35.162.236
lastlocation:
  world: world
  x: 3978.4014840495893
  y: 98.0
  z: 308.40751266704933
  yaw: 87.00608
  pitch: 40.649506
money: 303.0
