timestamps:
  login: 1337042300125
  logout: 1337042321062
  lastteleport: 1337042313081
ipAddress: 95.209.117.180
lastlocation:
  world: world
  x: 741.7842093551164
  y: 54.0
  z: -973.7087053404549
  yaw: -155.31012
  pitch: 13.419382
