timestamps:
  login: 1337513135960
  logout: 1337513526652
  lastteleport: 1337513288861
ipAddress: 67.216.11.247
lastlocation:
  world: world
  x: -44.49274011047907
  y: 74.0
  z: 437.4146325802768
  yaw: 157.7998
  pitch: 1.0499502
money: 2030.0
