timestamps:
  login: 1340522296938
  logout: 1340522399137
ipAddress: 79.102.84.223
lastlocation:
  world: world_nether
  x: 272.8100949028898
  y: 141.88477008370953
  z: 136.89023151617508
  yaw: -295.36505
  pitch: 16.050034
