timestamps:
  login: 1333924821010
  lastteleport: 1333925080746
  logout: 1333925127159
ipAddress: 71.234.60.249
lastlocation:
  world: world
  x: -164.33604360845447
  y: 63.11999998688698
  z: 810.6868294735872
  yaw: 88.029686
  pitch: 7.3500037
