timestamps:
  login: 1335737591151
  lastteleport: 1335737707048
  logout: 1335737716629
ipAddress: 67.84.140.48
lastlocation:
  world: world
  x: 2531.916945301224
  y: 80.0
  z: 1430.699999988079
  yaw: 141.58981
  pitch: 34.650017
