timestamps:
  login: 1335048565551
  lastteleport: 1335048629052
  logout: 1335049055775
ipAddress: 67.176.5.1
lastlocation:
  world: world
  x: 3056.5009522895643
  y: 62.0
  z: 1478.1878218932854
  yaw: -201.21423
  pitch: 14.549975
money: 299.0
