timestamps:
  login: 1336239031973
  lastteleport: 1336163540851
  logout: 1336240093984
ipAddress: 207.219.69.161
lastlocation:
  world: world
  x: 3891.5
  y: 64.0
  z: 370.5
  yaw: -162.95456
  pitch: 29.700207
