timestamps:
  login: 1338206041996
  lastteleport: 1335045751108
  logout: 1338206046087
ipAddress: 72.223.1.204
lastlocation:
  world: world
  x: -35.24580613580058
  y: 77.5
  z: 454.23942015511676
  yaw: 71.45148
  pitch: 11.800229
