timestamps:
  login: 1336502114275
  lastteleport: 1335297661743
  logout: 1336502255885
ipAddress: 92.232.170.138
lastlocation:
  world: world
  x: 763.9409982227875
  y: 67.0
  z: -2017.6009989452225
  yaw: 88.67328
  pitch: 12.899996
