timestamps:
  login: 1336054367571
  lastteleport: 1336054478119
  logout: 1336055004633
ipAddress: 80.223.187.64
lastlocation:
  world: world
  x: 3898.5863514360167
  y: 81.0
  z: 301.90231544745507
  yaw: 185.0452
  pitch: 1.3502178
