timestamps:
  login: 1335046756446
  lastteleport: 1335047108698
  logout: 1335047165253
ipAddress: 108.80.20.35
lastlocation:
  world: world
  x: 3017.8003304351787
  y: 62.0
  z: 1463.9097130952493
  yaw: -266.61414
  pitch: -25.950039
ban:
  reason: No Advertising and No Spam
