timestamps:
  login: 1333927759658
  lastteleport: 1333927831362
  logout: 1333927865905
ipAddress: 71.97.86.68
lastlocation:
  world: world
  x: 375.03647149908164
  y: 65.0
  z: 936.0895158541854
  yaw: 190.87347
  pitch: 32.59645
