timestamps:
  login: 1338420622563
  logout: 1338420625336
ipAddress: 81.229.102.192
lastlocation:
  world: world
  x: -3.468831286564659
  y: 77.0
  z: 408.5690302126643
  yaw: -324.09808
  pitch: 70.649956
