timestamps:
  login: 1334199195025
  lastteleport: 1334199566228
  logout: 1334200314962
ipAddress: 69.123.125.12
lastlocation:
  world: world
  x: -256.30000001192093
  y: 12.0
  z: 1321.65812460181
  yaw: 284.4754
  pitch: -72.45
homes:
  home:
    world: world
    x: -232.59469828305768
    y: 32.0
    z: 1331.845982220904
    yaw: 95.6255
    pitch: 17.850014
