timestamps:
  login: 1340217679520
  logout: 1340217733995
ipAddress: 90.230.63.103
lastlocation:
  world: world
  x: 375.42063508658697
  y: 64.0
  z: 631.1924695334054
  yaw: -98.10007
  pitch: -1.2497902E-4
