timestamps:
  login: 1335532479488
  lastteleport: 1335532651236
  logout: 1335532760782
ipAddress: 95.249.30.240
lastlocation:
  world: world
  x: 3864.3248567260534
  y: 64.0
  z: 333.524939613046
  yaw: 166.60883
  pitch: -15.018976
