timestamps:
  login: 1338470185338
  lastteleport: 1338470198390
  logout: 1338470382019
ipAddress: 46.195.41.84
lastlocation:
  world: world
  x: -43.34184826749954
  y: 86.5
  z: 429.4041919648727
  yaw: 76.82886
  pitch: 80.69364
