timestamps:
  login: 1336246289302
  lastteleport: 1336246436640
  logout: 1336246509078
ipAddress: 80.221.79.121
lastlocation:
  world: world
  x: 3859.3801223778864
  y: 71.0
  z: 321.43332687763086
  yaw: 179.99986
  pitch: 2.0999637
