timestamps:
  login: 1339552181116
  logout: 1339552475653
ipAddress: 71.104.80.66
lastlocation:
  world: world
  x: -15.649791046192831
  y: 96.0
  z: 429.07499998807907
  yaw: 9.887476
  pitch: 39.68964
