timestamps:
  login: 1338540898670
  logout: 1338540973574
ipAddress: 24.55.191.122
lastlocation:
  world: world
  x: -122.08386126845595
  y: 77.0
  z: 500.4073900853514
  yaw: 132.30457
  pitch: 19.76424
