timestamps:
  login: 1334357899188
  lastteleport: 1334358268956
  logout: 1334358285691
ipAddress: 69.118.169.137
lastlocation:
  world: world
  x: 246.95922385249244
  y: 64.0
  z: 587.4909634702042
  yaw: -219.02045
  pitch: 24.30004
