timestamps:
  login: 1334877460251
  lastteleport: 1334878312301
  logout: 1334879032482
ipAddress: 71.176.101.19
lastlocation:
  world: world
  x: 1232.7180169065546
  y: 68.0
  z: 669.3501848745868
  yaw: 181.17694
  pitch: 28.050003
