timestamps:
  login: 1337894657426
  logout: 1336689597804
  lastteleport: 1336689549709
ipAddress: 66.30.13.179
lastlocation:
  world: world
  x: 3758.1810819001707
  y: 65.0
  z: 241.5990703447881
  yaw: -103.253265
  pitch: 31.800283
