timestamps:
  login: 1336327339177
  lastteleport: 1336327348330
  logout: 1336327347415
ipAddress: 67.184.161.185
lastlocation:
  world: world
  x: 2529.137499988079
  y: 80.0
  z: 1429.92325088419
  yaw: 79.71942
  pitch: 23.97581
