timestamps:
  login: 1334005142571
  lastteleport: 1334005301975
  logout: 1334005416625
ipAddress: 122.149.54.10
lastlocation:
  world: world
  x: 399.81695870988744
  y: 64.0
  z: 157.14434890447887
  yaw: 345.12744
  pitch: -12.600273
