timestamps:
  login: 1338195274909
  lastteleport: 1334435207872
  logout: 1338195526165
ipAddress: 70.75.169.67
lastlocation:
  world: world
  x: 73.52286185138756
  y: 1.0
  z: 350.2860279442741
  yaw: -299.34778
  pitch: 52.650005
