timestamps:
  login: 1341111802025
  lastteleport: 1341011403312
  logout: 1341111955700
ipAddress: 68.0.207.5
lastlocation:
  world: world
  x: 2576.303445791982
  y: 64.0
  z: 1259.46832167321
  yaw: -84.44922
  pitch: -7.9500175
