timestamps:
  login: 1340477479524
  logout: 1340477968909
ipAddress: 207.255.21.124
lastlocation:
  world: world
  x: 2278.4805608647957
  y: 67.0
  z: 1254.563365970496
  yaw: 142.78477
  pitch: 16.950024
