timestamps:
  login: 1335043269566
  lastteleport: 1335043448282
  logout: 1335043469115
ipAddress: 75.94.77.0
lastlocation:
  world: world
  x: 3056.845289297169
  y: 62.0
  z: 1476.0939939827467
  yaw: -218.46619
  pitch: 23.099915
