timestamps:
  login: 1336380274953
  logout: 1336381027501
  lastteleport: 1336380614055
ipAddress: 101.98.175.194
lastlocation:
  world: world
  x: 2100.659213206987
  y: 70.0
  z: 1336.466165008113
  yaw: -220.86073
  pitch: 16.800001
