timestamps:
  login: 1338168402101
  logout: 1338168500471
ipAddress: 173.75.242.160
lastlocation:
  world: world
  x: -144.96030196298375
  y: 77.0
  z: 524.2411003666589
  yaw: -319.89832
  pitch: -0.7997638
