timestamps:
  login: 1339962456751
  logout: 1339962567209
ipAddress: 82.26.193.222
lastlocation:
  world: world
  x: 35.63597270910373
  y: 97.5
  z: 429.51693327427364
  yaw: -262.95007
  pitch: 62.100014
