timestamps:
  login: 1340478903737
  logout: 1340478968859
ipAddress: 41.118.232.170
lastlocation:
  world: world
  x: -111.7623457185469
  y: 77.5
  z: 371.2689017524781
  yaw: 30.488901
  pitch: 19.782976
