timestamps:
  login: 1334000876396
  lastteleport: 1334000730176
  logout: 1334000880625
ipAddress: 198.229.240.179
lastlocation:
  world: world
  x: 403.25677020787765
  y: 64.0
  z: 141.35938612192172
  yaw: -352.51685
  pitch: 4.1244097
money: 0.0
