timestamps:
  login: 1339963012803
  logout: 1339963387177
ipAddress: 184.153.197.133
lastlocation:
  world: world
  x: -45.307138592247064
  y: 74.0
  z: 361.3584495951154
  yaw: 182.09325
  pitch: -10.017825
