timestamps:
  login: 1340678093293
  logout: 1340678109655
ipAddress: 174.68.68.230
lastlocation:
  world: world
  x: -57.428764763614105
  y: 77.0
  z: 428.3088139809394
  yaw: 75.389114
  pitch: 21.766388
