timestamps:
  login: 1340577204048
  logout: 1340577490146
ipAddress: 108.13.118.83
lastlocation:
  world: world_nether
  x: 452.4920160083149
  y: 128.0
  z: 263.3251707231526
  yaw: -63.16511
  pitch: 16.34999
