timestamps:
  login: 1335554970987
  lastteleport: 1335555272940
  logout: 1335555299074
ipAddress: 2.100.199.179
lastlocation:
  world: world
  x: -259.2820732707994
  y: 67.0
  z: 2366.300000011921
  yaw: -98.28351
  pitch: 8.7298975
