timestamps:
  login: 1335048679130
  lastteleport: 1335048991143
  logout: 1335049100760
ipAddress: 24.109.50.178
lastlocation:
  world: world
  x: 3055.7528658934925
  y: 62.0
  z: 1476.3611917721232
  yaw: -167.695
  pitch: 28.338463
money: 299.0
