timestamps:
  login: 1340504706982
  logout: 1340504713794
ipAddress: 123.243.204.74
lastlocation:
  world: world
  x: -45.5
  y: 77.0
  z: 426.5
  yaw: 247.94998
  pitch: 16.200008
