timestamps:
  login: 1340474554829
  lastteleport: 1340475024523
  logout: 1340475173860
ipAddress: 72.129.154.171
lastlocation:
  world: world
  x: -11.141913390711558
  y: 74.0
  z: 461.22750922471346
  yaw: -33.000122
  pitch: 9.300019
