timestamps:
  login: 1335812712537
  lastteleport: 1335812862024
  logout: 1335813028769
ipAddress: 81.165.100.29
lastlocation:
  world: world
  x: 3875.2692111770507
  y: 64.0
  z: 344.4225935770078
  yaw: 144.59056
  pitch: 5.609038
money: 200.0
