timestamps:
  login: 1338430257254
  logout: 1338430511193
  lastteleport: 1338368432392
ipAddress: 94.170.201.42
lastlocation:
  world: world
  x: 1588.8992360049804
  y: 72.0
  z: 193.56186551089058
  yaw: -181.52185
  pitch: 22.199959
