timestamps:
  login: 1335997402488
  lastteleport: 1335997914311
  logout: 1335998156159
ipAddress: 24.69.59.34
lastlocation:
  world: world
  x: 3891.063475464948
  y: 64.0
  z: 369.8546716829799
  yaw: 136.59544
  pitch: 20.100214
money: 240.0
