timestamps:
  login: 1338099546548
  logout: 1338099720304
ipAddress: 72.28.11.211
lastlocation:
  world: world
  x: -113.30000001192093
  y: 97.5
  z: 426.69999998807907
  yaw: -0.13463059
  pitch: 81.07034
