timestamps:
  login: 1334943298813
  lastteleport: 1334943474740
  logout: 1334943516368
ipAddress: 173.17.101.213
lastlocation:
  world: world
  x: 3039.459225079625
  y: 62.0
  z: 1462.6481246988615
  yaw: 89.93592
  pitch: 4.94999
money: 287.0
