timestamps:
  login: 1338267347765
  logout: 1338267592736
ipAddress: 24.52.209.42
lastlocation:
  world: world
  x: -76.3053704639847
  y: 78.0
  z: 388.34845975940675
  yaw: 152.12372
  pitch: 12.587716
