timestamps:
  login: 1334190854413
  lastteleport: 1334190885064
  logout: 1334191073793
ipAddress: 108.89.41.67
lastlocation:
  world: world
  x: 401.3989314260821
  y: 68.0
  z: 169.37732726158393
  yaw: -172.52367
  pitch: 19.906538
