timestamps:
  login: 1335559542305
  logout: 1335559755780
  lastteleport: 1335559719111
ipAddress: 75.68.164.130
lastlocation:
  world: world
  x: 3864.6085110943573
  y: 64.0
  z: 331.2564415290417
  yaw: 162.31058
  pitch: 23.969418
