timestamps:
  login: 1338023659125
  logout: 1338023860531
  lastteleport: 1337660993535
ipAddress: 67.85.94.196
lastlocation:
  world: world
  x: 342.69999998807907
  y: 63.0
  z: 524.0638765486801
  yaw: -199.00092
  pitch: 21.54304
