timestamps:
  login: 1335107599138
  lastteleport: 1335108676202
  logout: 1335109010486
ipAddress: 76.218.101.28
lastlocation:
  world: world
  x: 3099.1178184314044
  y: 75.0
  z: 804.3691410097159
  yaw: -268.60013
  pitch: 11.222712
money: 288.0
