timestamps:
  login: 1333985193230
  lastteleport: 1333985641000
  logout: 1333985795724
ipAddress: 68.106.213.207
lastlocation:
  world: world
  x: 48.49597024443112
  y: 81.0
  z: 1059.6912951825204
  yaw: -353.57617
  pitch: 16.420927
