timestamps:
  login: 1338595338535
  logout: 1338595520636
  lastteleport: 1338595406035
ipAddress: 92.13.52.82
lastlocation:
  world: world_nether
  x: 331.9986127849402
  y: 128.0
  z: 192.6105381046852
  yaw: 197.63333
  pitch: 53.916702
