timestamps:
  login: 1333936729302
  logout: 1333936993405
  lastteleport: 1333936800896
ipAddress: 24.82.18.159
lastlocation:
  world: world
  x: 374.642992195949
  y: 65.0
  z: 933.4897388714572
  yaw: 188.98193
  pitch: 20.399958
