timestamps:
  login: 1336077532634
  lastteleport: 1336077685323
  logout: 1336077741207
ipAddress: 81.167.224.18
lastlocation:
  world: world
  x: 3880.1038795524414
  y: 64.0
  z: 355.2444837908162
  yaw: 138.24031
  pitch: 25.857594
homes:
  home:
    world: world
    x: -106.59923812536923
    y: 5.0
    z: 232.6808573017678
    yaw: 275.97284
    pitch: 9.548607
