timestamps:
  login: 1341011260016
  lastteleport: 1341011373820
  logout: 1341011500226
ipAddress: 68.102.213.144
lastlocation:
  world: world
  x: 112.07947902862938
  y: 64.0
  z: 579.1601129268709
  yaw: -19.200008
  pitch: 0.9000152
