timestamps:
  login: 1336516002091
  logout: 1336516107433
  lastteleport: 1336516029040
ipAddress: 24.33.146.151
lastlocation:
  world: world
  x: 3939.955911503334
  y: 87.0
  z: 279.47786371401173
  yaw: -196.30304
  pitch: 31.917398
