timestamps:
  login: 1334532367505
  lastteleport: 1334501803962
  logout: 1334532396832
  mute: 0
ipAddress: 68.47.35.122
lastlocation:
  world: world
  x: 1489.573417437939
  y: 70.0
  z: 192.75404895626443
  yaw: -176.57802
  pitch: 2.9934266
muted: true
