timestamps:
  login: 1340476977368
  logout: 1340477463861
ipAddress: 208.126.123.149
lastlocation:
  world: world
  x: -488.3299139918777
  y: 63.0
  z: 537.3511648140999
  yaw: 217.49841
  pitch: -2.69999
