timestamps:
  login: 1335989434212
  lastteleport: 1335989957495
  logout: 1335990158466
ipAddress: 50.138.237.224
lastlocation:
  world: world
  x: 3943.690712087559
  y: 63.0
  z: 138.51117394095525
  yaw: 140.9454
  pitch: 26.699982
