timestamps:
  login: 1334101240023
  lastteleport: 1333992570351
  logout: 1334101258295
ipAddress: 64.121.94.52
lastlocation:
  world: world
  x: 226.5
  y: 66.0
  z: 738.5
  yaw: 176.97974
  pitch: 84.00003
