timestamps:
  login: 1336335797811
  lastteleport: 1336335886717
  logout: 1336336785928
ipAddress: 67.0.155.104
lastlocation:
  world: world
  x: 3859.533527198871
  y: 71.0
  z: 320.4892536872689
  yaw: 179.1961
  pitch: 3.0002105
