timestamps:
  login: 1340575884316
  logout: 1340576145145
ipAddress: 108.14.61.82
lastlocation:
  world: world
  x: -4.030102038890668
  y: 81.0
  z: 364.34341969494926
  yaw: 99.1481
  pitch: 49.049934
