timestamps:
  login: 1338605377340
  logout: 1338605403397
ipAddress: 204.174.187.2
lastlocation:
  world: world_nether
  x: 257.30316822580505
  y: 127.0
  z: 149.30000001192093
  yaw: 356.8346
  pitch: -1.950005
