timestamps:
  login: 1333982443643
  lastteleport: 1333982662790
  logout: 1333982666477
ipAddress: 79.121.85.56
lastlocation:
  world: world
  x: 282.50382382226263
  y: 72.0
  z: 717.7100941788166
  yaw: -81.76959
  pitch: 0.90004593
