timestamps:
  login: 1335999481800
  lastteleport: 1335999771008
  logout: 1335999822011
ipAddress: 76.122.90.231
lastlocation:
  world: world
  x: 1295.8709388924497
  y: 58.0
  z: 2570.367971775649
  yaw: -148.98967
  pitch: 7.650005
