timestamps:
  login: 1338526474532
  logout: 1338526718220
ipAddress: 24.52.209.42
lastlocation:
  world: world
  x: 1718.699999988079
  y: 65.0
  z: -445.33117913890936
  yaw: 194.0919
  pitch: 74.24984
