timestamps:
  login: 1340561419738
  lastteleport: 1340561746516
  logout: 1340561915782
ipAddress: 67.180.179.150
lastlocation:
  world: world
  x: -26.30000001192093
  y: 73.0
  z: -90.83198660682892
  yaw: -286.0312
  pitch: 51.7763
money: 66.0
homes:
  home:
    world: world
    x: -2.4428336534454025
    y: 64.0
    z: -72.81306577166141
    yaw: 183.97655
    pitch: 45.468933
