timestamps:
  login: 1336062791671
  lastteleport: 1336062839517
  logout: 1336063294662
ipAddress: 86.0.221.128
lastlocation:
  world: world
  x: 3879.1172154431465
  y: 64.0
  z: 355.03553032725944
  yaw: 142.14532
  pitch: 14.400211
