timestamps:
  login: 1338219505917
  lastteleport: 1336064835588
  logout: 1338219516325
ipAddress: 94.254.34.158
lastlocation:
  world: world
  x: -7.819590320044942
  y: 39.0
  z: 269.5893304454141
  yaw: -353.10025
  pitch: 75.74992
