timestamps:
  login: 1338088062810
  lastteleport: 1338086386284
  logout: 1338086442749
ipAddress: 68.115.89.43
lastlocation:
  world: world
  x: -33.317499015774885
  y: 22.0
  z: -39.49859534009772
  yaw: 107.5509
  pitch: -11.675994
ban:
  reason: Lying Is A Sin
