timestamps:
  login: 1335892063352
  lastteleport: 1335892181699
  logout: 1335892198543
ipAddress: 68.194.143.225
lastlocation:
  world: world
  x: 3860.320290755855
  y: 71.0
  z: 321.29789392559553
  yaw: 211.7457
  pitch: 2.0836592E-4
