timestamps:
  login: 1333939154835
  lastteleport: 1333940953493
  logout: 1333941571726
ipAddress: 209.121.11.83
lastlocation:
  world: world
  x: 375.93631531310956
  y: 89.5
  z: 976.9756267387983
  yaw: -55.623226
  pitch: 32.145897
