timestamps:
  login: 1338178871440
  lastteleport: 1335217416517
  logout: 1338179078239
ipAddress: 98.206.222.224
lastlocation:
  world: world
  x: -197.1550898348727
  y: 22.0
  z: 395.685134694971
  yaw: -53.948166
  pitch: -33.00001
