timestamps:
  login: 1339964950330
  logout: 1339964957177
ipAddress: 173.56.58.251
lastlocation:
  world: world
  x: -13.248272706693315
  y: 74.0
  z: 451.79423658063826
  yaw: 111.491234
  pitch: 16.602953
