timestamps:
  login: 1335361845025
  lastteleport: 1335362276903
  logout: 1335362367898
ipAddress: 67.171.163.50
lastlocation:
  world: world
  x: 3709.7797696101507
  y: 75.76636799395752
  z: -1155.906584262299
  yaw: 102.88403
  pitch: 82.35004
homes:
  home:
    world: world
    x: 3706.836077253327
    y: 64.0
    z: 1408.7955569736234
    yaw: 129.82768
    pitch: 57.600063
money: 38.0
