timestamps:
  login: 1338682589286
  logout: 1338669399001
ipAddress: 85.23.234.50
lastlocation:
  world: world
  x: -57.29373288435195
  y: 77.0
  z: 433.3070662498991
  yaw: -29.913067
  pitch: 12.661354
