timestamps:
  login: 1336712910940
  lastteleport: 1336712958299
  logout: 1336713025470
ipAddress: 79.179.210.6
lastlocation:
  world: world
  x: 807.812532831138
  y: 63.0
  z: -1104.3110562874638
  yaw: 164.09586
  pitch: 5.5500317
