timestamps:
  login: 1336111724996
  logout: 1336111728394
  lastteleport: 1336111657749
ipAddress: 94.210.170.56
lastlocation:
  world: world
  x: 3835.532041506917
  y: 71.0
  z: 285.39002747959205
  yaw: -66.1185
  pitch: 77.097595
