timestamps:
  login: 1333985761494
  lastteleport: 1333986188345
  logout: 1333986323270
ipAddress: 211.30.34.227
lastlocation:
  world: world
  x: 304.30000001192093
  y: 11.0
  z: 703.9184719794785
  yaw: 173.28021
  pitch: 13.800035
