timestamps:
  login: 1335408993113
  lastteleport: 1335410464762
  logout: 1335410779905
ipAddress: 66.219.230.220
lastlocation:
  world: world
  x: 3277.4409101538863
  y: 64.0
  z: 1693.3022867457332
  yaw: -57.835205
  pitch: 7.800187
