timestamps:
  login: 1335228275884
  logout: 1335228372517
  lastteleport: 1335228357745
ipAddress: 72.172.210.214
lastlocation:
  world: world
  x: 733.3000000119209
  y: 73.0
  z: -1990.3705234791269
  yaw: 268.6738
  pitch: 12.1500025
money: 296.0
