timestamps:
  login: 1340941666094
  lastteleport: 1340917967126
  logout: 1340941666466
ipAddress: 173.21.253.21
lastlocation:
  world: world
  x: 558.8257840310835
  y: 67.0
  z: 730.4771896307561
  yaw: -62.23618
  pitch: 19.265978
