timestamps:
  login: 1333979773196
  lastteleport: 1333980730740
  logout: 1333980781428
ipAddress: 80.3.182.63
lastlocation:
  world: world
  x: 397.87989952688616
  y: 76.0
  z: 806.6208274373553
  yaw: -6.9207153
  pitch: 8.250078
