timestamps:
  login: 1338607430273
  lastteleport: 1338607420176
  logout: 1338607533493
ipAddress: 69.91.81.109
lastlocation:
  world: world
  x: 69.36751233606637
  y: 77.0
  z: 547.3336793218082
  yaw: 317.85007
  pitch: 10.950022
