timestamps:
  login: 1335887375495
  lastteleport: 1335887597892
  logout: 1335887706988
ipAddress: 86.45.195.240
lastlocation:
  world: world
  x: 2532.699999988079
  y: 80.0
  z: 1428.4242244519653
  yaw: 286.63995
  pitch: 23.054214
