timestamps:
  login: 1336839568365
  logout: 1336839731327
  lastteleport: 1336235729705
ipAddress: 84.217.235.71
lastlocation:
  world: world
  x: 3837.876130335438
  y: 90.0
  z: 340.5275862441776
  yaw: -62.65912
  pitch: 21.17306
