timestamps:
  login: 1338336583587
  logout: 1338336911293
  lastteleport: 1338336780012
ipAddress: 81.167.205.67
lastlocation:
  world: world
  x: -50.21930285040764
  y: 77.0
  z: 413.6516811666771
  yaw: -80.206055
  pitch: -5.6083975
