timestamps:
  login: 1341015414767
  logout: 1341015440177
  lastteleport: 1340995699494
ipAddress: 98.181.8.133
lastlocation:
  world: world
  x: 610.3923416834981
  y: 62.0
  z: 678.1709444404844
  yaw: -174.75246
  pitch: 5.70001
