timestamps:
  login: 1334188291268
  lastteleport: 1334188339565
  logout: 1334188715200
ipAddress: 96.24.204.5
lastlocation:
  world: world
  x: 403.45224108595914
  y: 68.0
  z: 167.40244077115844
  yaw: -176.57288
  pitch: 16.199724
