timestamps:
  login: 1335990223959
  logout: 1335990225699
  lastteleport: 1335989500130
ipAddress: 2.122.252.250
lastlocation:
  world: world
  x: 3914.858493672988
  y: 84.0
  z: 314.58267121784735
  yaw: -90.50464
  pitch: 23.850212
