timestamps:
  login: 1336262385003
  logout: 1336262549122
  lastteleport: 1336262541182
ipAddress: 71.125.33.193
lastlocation:
  world: world
  x: 3864.910457945389
  y: 87.0
  z: 165.83013628260196
  yaw: 83.32172
  pitch: 61.66879
