timestamps:
  login: 1334833989174
  lastteleport: 1334833995549
  logout: 1334834001290
ipAddress: 218.212.108.251
lastlocation:
  world: world
  x: 1503.049498086809
  y: 84.0
  z: -187.13007074108793
  yaw: -92.5818
  pitch: 2.0434194
