timestamps:
  login: 1334023855511
  lastteleport: 1334024091012
  logout: 1334024163300
ipAddress: 166.249.195.41
lastlocation:
  world: world
  x: 403.7686246753521
  y: 64.0
  z: 144.68095848110366
  yaw: -178.52173
  pitch: 23.699772
