timestamps:
  login: 1336438581471
  logout: 1336438611792
  lastteleport: 1336243681742
ipAddress: 67.122.210.18
lastlocation:
  world: world
  x: 3889.7566073087314
  y: 64.0
  z: 369.142114498945
  yaw: 136.44542
  pitch: 16.350216
