timestamps:
  login: 1334663156472
  lastteleport: 1334663509822
  logout: 1334663656263
ipAddress: 68.62.249.21
lastlocation:
  world: world
  x: 1489.614729249458
  y: 70.0
  z: 190.0359325664864
  yaw: -170.24806
  pitch: 9.162681
