timestamps:
  login: 1334736811131
  lastteleport: 1334736951778
  logout: 1334736986371
ipAddress: 124.180.204.209
lastlocation:
  world: world
  x: 1541.2749294452015
  y: 67.0
  z: -78.54951397383017
  yaw: 135.41817
  pitch: 11.193407
