timestamps:
  login: 1335046265225
  lastteleport: 1335046466625
  logout: 1335046555361
ipAddress: 64.64.162.13
lastlocation:
  world: world
  x: 3055.431714847297
  y: 62.0
  z: 1475.6172364334582
  yaw: -180.05414
  pitch: 43.43365
