timestamps:
  login: 1340674893844
  logout: 1340674847831
ipAddress: 98.198.109.216
lastlocation:
  world: world
  x: 22.771392800703424
  y: 5.449340659219937
  z: 501.47455345013856
  yaw: -269.0521
  pitch: -85.51453
