timestamps:
  login: 1338287381089
  mute: 0
  logout: 1338287912244
  lastteleport: 1334428026225
ipAddress: 12.91.207.98
lastlocation:
  world: world
  x: -97.96964670478215
  y: 77.0
  z: 412.24554939761504
  yaw: 320.29633
  pitch: 10.349976
muted: true
