timestamps:
  login: 1338547086607
  logout: 1338547089151
ipAddress: 99.225.44.217
lastlocation:
  world: world
  x: -38.44378084550252
  y: 77.0
  z: 438.1631446420042
  yaw: -124.435
  pitch: -8.455572
