timestamps:
  login: 1338255890985
  logout: 1338256194276
  lastteleport: 1338078242207
ipAddress: 69.137.213.209
lastlocation:
  world: world
  x: -242.52727982640604
  y: 60.0
  z: 665.7654216212045
  yaw: 198.61029
  pitch: -60.05772
