timestamps:
  login: 1340691693783
  lastteleport: 1340691889528
  logout: 1340692069605
ipAddress: 60.229.150.177
lastlocation:
  world: world
  x: 95.00072664056232
  y: 69.0
  z: 678.7701186006415
  yaw: -47.99597
  pitch: 10.350021
