timestamps:
  login: 1340475309613
  logout: 1340476543909
ipAddress: 24.46.155.58
lastlocation:
  world: world_nether
  x: 272.08375758151135
  y: 129.0
  z: 137.13451393574698
  yaw: -290.01825
  pitch: 9.990368
