timestamps:
  login: 1335286083282
  lastteleport: 1335288633094
  logout: 1335289329630
ipAddress: 90.184.23.59
lastlocation:
  world: world
  x: 2971.0484911679614
  y: 67.0
  z: 2287.029559925879
  yaw: 71.37866
  pitch: 36.599976
money: 298.0
