timestamps:
  login: 1333989454631
  lastteleport: 1333990205087
  logout: 1333990413122
ipAddress: 85.24.134.58
lastlocation:
  world: world
  x: 401.07499998807907
  y: 64.0
  z: 156.53404347633034
  yaw: -13.970373
  pitch: 28.508118
