timestamps:
  login: 1333938913279
  lastteleport: 1333939082883
  logout: 1333939211315
ipAddress: 71.59.219.254
lastlocation:
  world: world
  x: 375.64874704230436
  y: 65.0
  z: 936.4375077512157
  yaw: 183.72882
  pitch: 27.15
