timestamps:
  login: 1335636857418
  logout: 1335637059645
  lastteleport: 1335229909530
ipAddress: 174.54.171.252
lastlocation:
  world: world
  x: 763.4030113076478
  y: 70.0
  z: -2153.659550856568
  yaw: 182.57849
  pitch: 18.149996
