timestamps:
  login: 1336421819566
  logout: 1336421865705
  lastteleport: 1336421526413
ipAddress: 69.49.60.36
lastlocation:
  world: world
  x: 762.6453357874238
  y: 67.0
  z: -2017.3682696637734
  yaw: -270.7264
  pitch: 2.3999958
