timestamps:
  login: 1336327931429
  lastteleport: 1336328668683
  logout: 1336329143338
ipAddress: 71.106.148.12
lastlocation:
  world: world
  x: 3858.9308113662637
  y: 68.0
  z: 325.04081974970995
  yaw: 136.89542
  pitch: 17.8502
