timestamps:
  login: 1336516415902
  lastteleport: 1336516466841
  logout: 1336516737433
ipAddress: 50.99.183.221
lastlocation:
  world: world
  x: 3860.954782448503
  y: 71.0
  z: 320.60543868676166
  yaw: 172.00127
  pitch: 4.624778
