timestamps:
  login: 1335977760756
  lastteleport: 1335977836767
  logout: 1335978288312
ipAddress: 23.17.248.226
lastlocation:
  world: world
  x: 3880.7570733373454
  y: 64.0
  z: 356.511292141903
  yaw: -207.07812
  pitch: 22.056835
