timestamps:
  login: 1335726443622
  lastteleport: 1335727799175
  logout: 1335728344562
ipAddress: 82.36.253.211
lastlocation:
  world: world
  x: 2197.927364326053
  y: 63.0
  z: 59.92191513025798
  yaw: 99.95466
  pitch: 18.404324
