timestamps:
  login: 1338128778645
  logout: 1338129003003
  lastteleport: 1337391442056
ipAddress: 82.44.2.26
lastlocation:
  world: world
  x: -101.4567601643496
  y: 77.5
  z: 448.92737617265783
  yaw: -99.15024
  pitch: 77.25
