timestamps:
  login: 1334000913452
  lastteleport: 1334001106459
  logout: 1334001487930
ipAddress: 68.103.125.194
lastlocation:
  world: world
  x: 378.97561846553424
  y: 64.0
  z: 146.35245521102178
  yaw: -90.364494
  pitch: 5.378777
