timestamps:
  login: 1334435829718
  lastteleport: 1334435928057
  logout: 1334435942471
ipAddress: 24.62.198.179
lastlocation:
  world: world
  x: 2518.699999988079
  y: 83.0
  z: -513.3000000119209
  yaw: -24.068237
  pitch: 48.114006
