timestamps:
  login: 1339982244404
  logout: 1339982358559
ipAddress: 70.114.155.159
lastlocation:
  world: world
  x: -83.37469406010625
  y: 74.5
  z: 476.23053680274165
  yaw: 334.9499
  pitch: 38.549976
