timestamps:
  login: 1335117756554
  lastteleport: 1335118411199
  logout: 1335118468932
ipAddress: 173.180.211.229
lastlocation:
  world: world
  x: 1917.4958048342507
  y: 46.0
  z: 527.0413909076862
  yaw: -61.671204
  pitch: -76.367256
