timestamps:
  login: 1340505516389
  logout: 1340505609752
ipAddress: 68.255.2.115
lastlocation:
  world: world
  x: -62.99120859573199
  y: 74.0
  z: 444.26335142058065
  yaw: -140.10065
  pitch: -4.949981
