timestamps:
  login: 1338422614301
  lastteleport: 1335887510641
  logout: 1338422798246
ipAddress: 2.220.164.208
lastlocation:
  world: world
  x: -104.32622345892075
  y: 77.0
  z: 475.48750001192093
  yaw: -346.299
  pitch: 26.69999
