timestamps:
  login: 1341106158719
  logout: 1341106202365
ipAddress: 50.113.119.183
lastlocation:
  world: world
  x: 2258.182190974691
  y: 65.0
  z: 1291.4551901269947
  yaw: -130.63226
  pitch: 9.531715
