timestamps:
  login: 1336693791613
  lastteleport: 1336329658033
  logout: 1336693845379
ipAddress: 108.48.114.32
lastlocation:
  world: world
  x: 3519.300000011921
  y: 73.0
  z: 1775.6268044864792
  yaw: -117.89319
  pitch: 27.762112
