timestamps:
  login: 1334354633991
  lastteleport: 1334354658687
  logout: 1334354670470
ipAddress: 70.140.113.231
lastlocation:
  world: world
  x: 403.07492998720306
  y: 67.0
  z: 127.61959563242316
  yaw: -182.12236
  pitch: 16.649729
