timestamps:
  login: 1337761475689
  lastteleport: 1337761381190
  logout: 1337761476203
ipAddress: 146.115.67.173
lastlocation:
  world: world
  x: 3060.699999988079
  y: 12.0
  z: 2607.511625966336
  yaw: 233.6079
  pitch: 15.316881
