timestamps:
  login: 1338323951926
  logout: 1338324087190
ipAddress: 216.249.86.75
lastlocation:
  world: world
  x: 267.46452060598006
  y: 74.0
  z: 66.69999998807907
  yaw: -98.04831
  pitch: 63.600006
