timestamps:
  login: 1340579345679
  logout: 1340579565146
ipAddress: 50.98.133.109
lastlocation:
  world: world
  x: 113.01162910707372
  y: 69.0
  z: 240.2532200138699
  yaw: 16.050415
  pitch: 4.6499987
