timestamps:
  login: 1338542846220
  logout: 1338542847536
  lastteleport: 1336336077371
ipAddress: 98.223.19.246
lastlocation:
  world: world
  x: 164.30000001192093
  y: 2.0
  z: 251.30000001192093
  yaw: -44.094345
  pitch: 10.211365
