timestamps:
  login: 1334248161779
  lastteleport: 1334096330998
  logout: 1334248214143
ipAddress: 216.164.174.200
lastlocation:
  world: world
  x: 95.30276937527067
  y: 67.48479957514161
  z: 960.3000000119209
  yaw: -90.01959
  pitch: -5.7000694
money: 0.0
