timestamps:
  login: 1335278962849
  logout: 1335279237833
  lastteleport: 1335279130993
ipAddress: 83.253.217.9
lastlocation:
  world: world
  x: 733.3000000119209
  y: 73.0
  z: -1990.433617182358
  yaw: 262.5238
  pitch: 9.9000025
money: 298.0
