timestamps:
  login: 1335896077039
  lastteleport: 1335896149826
  logout: 1335896203493
ipAddress: 199.164.68.179
lastlocation:
  world: world
  x: 765.9059045456172
  y: 67.0
  z: -2018.6809850129205
  yaw: 177.8583
  pitch: 13.651084
