timestamps:
  login: 1338680028440
  logout: 1338680143323
  lastteleport: 1338077953294
ipAddress: 108.161.123.29
lastlocation:
  world: world
  x: -7.870254805108015
  y: 77.0
  z: 369.1212790616878
  yaw: 195.09485
  pitch: 13.515001
