timestamps:
  login: 1335210969719
  lastteleport: 1335211314802
  logout: 1335211901134
ipAddress: 2.99.253.152
lastlocation:
  world: world
  x: 763.8270624096391
  y: 68.0
  z: -2014.9691077670243
  yaw: 176.59296
  pitch: 27.149328
money: 297.0
