timestamps:
  login: 1336418573750
  lastteleport: 1336418615096
  logout: 1336418715289
ipAddress: 80.195.244.110
lastlocation:
  world: world
  x: 3858.1371365075333
  y: 71.0
  z: 321.7837383540221
  yaw: 165.10852
  pitch: -0.9592604
