timestamps:
  login: 1338343005929
  lastteleport: 1338343054166
  logout: 1338343073090
  mute: 0
ipAddress: 90.224.241.249
lastlocation:
  world: world
  x: -49.181835445042594
  y: 80.0
  z: 428.8539593068008
  yaw: -179.64813
  pitch: 23.050251
muted: false
