timestamps:
  login: 1335732496832
  lastteleport: 1335732631981
  logout: 1335732651269
ipAddress: 173.206.68.3
lastlocation:
  world: world_nether
  x: -110.66339975658586
  y: 64.0
  z: 598.9480707763984
  yaw: 217.69388
  pitch: 58.71216
