timestamps:
  login: 1337465846381
  logout: 1337466074592
  lastteleport: 1337466074108
ipAddress: 85.30.165.161
lastlocation:
  world: world
  x: 195.4173470194811
  y: 68.0
  z: 554.5860605730445
  yaw: -93.16705
  pitch: 90.0
