timestamps:
  login: 1333999510771
  lastteleport: 1333999962970
  logout: 1334000264238
ipAddress: 66.66.130.235
lastlocation:
  world: world
  x: 403.2947577492496
  y: 64.0
  z: 155.69111897880708
  yaw: -180.91139
  pitch: 18.677536
