timestamps:
  login: 1336755018807
  lastteleport: 1336756537342
  logout: 1336756594397
ipAddress: 72.230.240.15
lastlocation:
  world: world
  x: 3291.2766895677532
  y: 66.0
  z: 1700.7879925900831
  yaw: 253.42957
  pitch: 10.350015
money: 1062500.0
