timestamps:
  login: 1338307275342
  lastteleport: 1335048632780
  logout: 1338307359045
ipAddress: 203.45.241.9
lastlocation:
  world: world
  x: 39.94876719247912
  y: 24.0
  z: 530.7608597259383
  yaw: 62.901722
  pitch: 37.500004
money: 299.0
