timestamps:
  login: 1334066005400
  lastteleport: 1334066127998
  logout: 1334066139679
ipAddress: 86.150.45.145
lastlocation:
  world: world
  x: 226.5
  y: 66.0
  z: 738.5
  yaw: 176.97974
  pitch: 84.00003
