timestamps:
  login: 1333989635338
  logout: 1333990278022
  lastteleport: 1333945774940
ipAddress: 66.176.243.171
lastlocation:
  world: world
  x: 394.23011537324027
  y: 65.0
  z: 999.3410976891009
  yaw: 231.27878
  pitch: 13.049977
