timestamps:
  login: 1338471060287
  logout: 1338471759410
ipAddress: 108.221.220.255
lastlocation:
  world: world_nether
  x: 267.3875023629621
  y: 128.0
  z: 138.69999998807904
  yaw: -349.1825
  pitch: 32.978554
