timestamps:
  login: 1334934903291
  logout: 1334935073257
  lastteleport: 1334462431473
ipAddress: 24.207.29.147
lastlocation:
  world: world
  x: 1490.1664634441318
  y: 70.0
  z: 195.11635193740773
  yaw: -175.22974
  pitch: 2.4971516
money: 0.0
