timestamps:
  login: 1336063995870
  lastteleport: 1336064214475
  logout: 1336065201328
ipAddress: 84.49.111.75
lastlocation:
  world: world
  x: 3860.3209672818675
  y: 71.0
  z: 319.93921567678876
  yaw: -168.35495
  pitch: 14.850162
