timestamps:
  login: 1339644176946
  logout: 1339644182505
  lastteleport: 1339528933847
ipAddress: 216.16.37.58
lastlocation:
  world: world
  x: 2300.339424474029
  y: 26.5625
  z: 1256.732221974518
  yaw: -304.60153
  pitch: -10.799983
homes:
  home:
    world: world
    x: 1052.0063234331717
    y: 64.0
    z: 459.0009535166883
    yaw: -327.9768
    pitch: 1.4265447
