timestamps:
  login: 1338126683161
  logout: 1338126683337
  lastteleport: 1338033310796
ipAddress: 68.229.240.70
lastlocation:
  world: world
  x: -31.985636896558518
  y: 77.0
  z: 465.8471821491198
  yaw: -109.650894
  pitch: 20.399998
