timestamps:
  login: 1338372046947
  lastteleport: 1334699446823
  logout: 1338372091173
ipAddress: 75.159.248.184
lastlocation:
  world: world
  x: -383.0171876429577
  y: 72.0
  z: 495.69999998807907
  yaw: -90.15011
  pitch: 27.749922
