timestamps:
  login: 1338111896904
  lastteleport: 1338111943205
  logout: 1338112342570
ipAddress: 74.100.52.216
lastlocation:
  world: world
  x: -98.19119936858763
  y: 63.0
  z: 23.53866663605779
  yaw: -89.3488
  pitch: 4.2000546
