timestamps:
  login: 1336556894230
  lastteleport: 1336556923778
  logout: 1336557002975
ipAddress: 83.252.237.244
lastlocation:
  world: world
  x: 3860.5146311404233
  y: 71.0
  z: 321.04378266145085
  yaw: 183.39557
  pitch: -6.149771
