timestamps:
  login: 1334885302415
  lastteleport: 1334885740856
  logout: 1334885895136
ipAddress: 69.180.142.23
lastlocation:
  world: world
  x: 1505.6126374232322
  y: 84.0
  z: -195.63719455076912
  yaw: -257.7317
  pitch: -20.30658
money: 0.0
