timestamps:
  login: 1335907621747
  lastteleport: 1335907309848
  logout: 1335908077507
ipAddress: 71.28.82.224
lastlocation:
  world: world
  x: 3986.345971903386
  y: 64.0
  z: 385.0490434685767
  yaw: -216.26715
  pitch: 9.867205
ban:
  reason: Spamm
