timestamps:
  login: 1336186537588
  lastteleport: 1336184676892
  logout: 1336186569677
ipAddress: 68.162.242.240
lastlocation:
  world: world
  x: 3889.535382240085
  y: 64.0
  z: 369.99408276341217
  yaw: 260.94525
  pitch: 5.8502164
