timestamps:
  login: 1334372224555
  logout: 1334372411354
  lastteleport: 1334372254313
ipAddress: 189.223.10.206
lastlocation:
  world: world
  x: 403.2003731810075
  y: 64.0
  z: 144.5246556213689
  yaw: -290.62064
  pitch: 20.418636
