timestamps:
  login: 1336146442153
  lastteleport: 1336149146502
  logout: 1336149819650
ipAddress: 79.181.227.93
lastlocation:
  world: world
  x: 3890.8981693609194
  y: 64.0
  z: 370.3081576197608
  yaw: 136.59544
  pitch: 20.100214
money: 299.0
