timestamps:
  login: 1335278353409
  logout: 1335278382883
  lastteleport: 1335277945942
ipAddress: 75.1.248.61
lastlocation:
  world: world
  x: 757.1971350574256
  y: 73.0
  z: -1988.8995705609334
  yaw: -17.713196
  pitch: 16.450851
money: 0.0
