timestamps:
  login: 1335734124585
  lastteleport: 1335734180536
  logout: 1335734906639
ipAddress: 24.127.122.171
lastlocation:
  world: world
  x: 3883.8079017531286
  y: 64.0
  z: 360.7450449693472
  yaw: 325.2955
  pitch: 5.100227
