timestamps:
  login: 1335301848818
  lastteleport: 1335301981962
  logout: 1335302457599
ipAddress: 24.214.245.146
lastlocation:
  world: world
  x: 778.9626468162778
  y: 67.0
  z: -2013.2602538254118
  yaw: -64.62618
  pitch: -0.5999898
