timestamps:
  login: 1336179655291
  lastteleport: 1336179668293
  logout: 1336179841926
ipAddress: 93.107.93.214
lastlocation:
  world: world
  x: 798.9493229917501
  y: 63.0
  z: -1160.744446179339
  yaw: 257.73636
  pitch: 2.8761756
money: 0.0
