timestamps:
  login: 1334004437773
  lastteleport: 1334004477490
  logout: 1334004520457
ipAddress: 65.189.241.247
lastlocation:
  world: world
  x: 403.5428607896388
  y: 68.0
  z: 167.14705738334595
  yaw: -180.32236
  pitch: 33.299736
