timestamps:
  login: 1338364780103
  logout: 1338364983026
ipAddress: 66.215.198.115
lastlocation:
  world: world
  x: 231.3318716428193
  y: 62.0
  z: 381.34383323862227
  yaw: 79.93475
  pitch: 25.801886
