timestamps:
  login: 1336337986562
  lastteleport: 1336338862906
  logout: 1336339275445
ipAddress: 173.62.84.165
lastlocation:
  world: world
  x: 3889.7185233275427
  y: 64.0
  z: 369.8555501214728
  yaw: 170.04156
  pitch: 8.333294
