timestamps:
  login: 1333990547190
  lastteleport: 1333990441701
  logout: 1333990746251
ipAddress: 81.165.78.143
lastlocation:
  world: world
  x: 403.3804634085421
  y: 68.0
  z: 196.6275665194099
  yaw: -180.47247
  pitch: 21.749731
