timestamps:
  login: 1339962098434
  lastteleport: 1339962181487
  logout: 1339962192378
ipAddress: 68.36.11.36
lastlocation:
  world: world
  x: -39.139200638748235
  y: 74.0
  z: 438.8720956100702
  yaw: -78.04568
  pitch: -4.9527884
