timestamps:
  login: 1340675089667
  lastteleport: 1340675213505
  logout: 1340675288273
ipAddress: 98.251.244.165
lastlocation:
  world: world
  x: 30.70118280499478
  y: 74.0
  z: 431.72503917054956
  yaw: -259.6497
  pitch: 42.149944
