timestamps:
  login: 1338833469653
  lastteleport: 1338833704601
  logout: 1338834092030
ipAddress: 90.214.41.12
lastlocation:
  world: world
  x: -49.830074047615554
  y: 75.0
  z: 430.8339790571136
  yaw: 50.099915
  pitch: 12.7499895
