timestamps:
  login: 1336700955513
  lastteleport: 1336700964238
  logout: 1336701070424
ipAddress: 66.41.137.221
lastlocation:
  world: world
  x: 3880.6703171115223
  y: 64.0
  z: 358.11090407560283
  yaw: 271.2956
  pitch: 14.700209
homes:
  home:
    world: world
    x: 461.8402096348149
    y: 81.0
    z: -1877.4459099544113
    yaw: -18.95523
    pitch: 26.699966
money: 5832.0
