timestamps:
  login: 1336336288909
  lastteleport: 1336334844110
  logout: 1336336520151
ipAddress: 173.31.74.10
lastlocation:
  world: world
  x: 3860.8115218018484
  y: 71.0
  z: 320.3787903754144
  yaw: 176.64537
  pitch: 5.4002166
