timestamps:
  login: 1335732239483
  lastteleport: 1335732383637
  logout: 1335732436278
ipAddress: 97.123.121.98
lastlocation:
  world: world
  x: 3867.8716431802945
  y: 64.0
  z: 336.2250861410778
  yaw: 141.33736
  pitch: 10.130015
