timestamps:
  login: 1338428761674
  logout: 1338428826193
ipAddress: 81.103.211.238
lastlocation:
  world: world
  x: -103.49020744602834
  y: 77.0
  z: 448.0342645181484
  yaw: -324.6465
  pitch: 7.6902466
