timestamps:
  login: 1335770747847
  lastteleport: 1335277945341
  logout: 1335770781848
ipAddress: 58.96.35.175
lastlocation:
  world: world
  x: 733.3000000119209
  y: 73.0
  z: -1990.433617182358
  yaw: 268.6738
  pitch: 12.1500025
