timestamps:
  login: 1334649802544
  lastteleport: 1334651938892
  logout: 1334652259634
ipAddress: 143.238.39.26
lastlocation:
  world: world
  x: 3344.6391558739456
  y: 71.0
  z: 1801.0942725884604
  yaw: 174.22679
  pitch: 15.749936
