timestamps:
  login: 1336982198779
  lastteleport: 1336963896641
  logout: 1336982207708
ipAddress: 173.3.31.198
lastlocation:
  world: world
  x: 4756.080656712689
  y: 66.82711731432457
  z: 2241.109025354411
  yaw: 5.4244995
  pitch: -0.57887256
