timestamps:
  login: 1340809811287
  logout: 1340809911253
  lastteleport: 1340761749537
ipAddress: 66.168.29.167
lastlocation:
  world: world
  x: 2839.502948579313
  y: 133.0
  z: 1184.699999988079
  yaw: 68.97768
  pitch: 0.24067692
