timestamps:
  login: 1336688058410
  lastteleport: 1336686720061
  logout: 1336688242803
ipAddress: 220.237.45.135
lastlocation:
  world: world
  x: 3858.9620060004586
  y: 71.0
  z: 321.6906065459376
  yaw: 119.77494
  pitch: -0.64506876
