timestamps:
  login: 1336841025030
  lastteleport: 1336840734634
  logout: 1336841118460
ipAddress: 83.82.79.28
lastlocation:
  world: world
  x: -1086.6498306477372
  y: 67.0
  z: 891.0792309250054
  yaw: 179.87357
  pitch: 9.076024
money: 310.0
