timestamps:
  login: 1340474091818
  logout: 1340474215397
ipAddress: 78.69.115.68
lastlocation:
  world: world
  x: -179.61266265065046
  y: 74.0
  z: 292.6545071299799
  yaw: -225.83624
  pitch: 8.123853
