timestamps:
  login: 1333988827168
  lastteleport: 1333988752011
  logout: 1333988900740
ipAddress: 213.7.125.21
lastlocation:
  world: world
  x: 405.07499998807907
  y: 64.0
  z: 160.00166179272242
  yaw: 345.27762
  pitch: 37.649708
