timestamps:
  login: 1333999501858
  lastteleport: 1333999917085
  logout: 1333999920014
ipAddress: 83.249.176.178
lastlocation:
  world: world
  x: 403.7855434534767
  y: 67.0
  z: 130.43283641552844
  yaw: -175.52197
  pitch: 12.899743
money: 80.0
