timestamps:
  login: 1334004474439
  lastteleport: 1334004535707
  logout: 1334005155743
ipAddress: 189.231.185.186
lastlocation:
  world: world
  x: 402.6864691496971
  y: 67.0
  z: 119.92500001192093
  yaw: -188.87247
  pitch: 12.149735
