timestamps:
  login: 1338497472338
  logout: 1338497524410
ipAddress: 209.206.209.131
lastlocation:
  world: world
  x: -60.336403751445786
  y: 79.0
  z: 428.4335449060578
  yaw: 72.50247
  pitch: -14.899737
