timestamps:
  login: 1333988821623
  logout: 1333989261447
  lastteleport: 1333989080122
ipAddress: 96.226.19.79
lastlocation:
  world: world
  x: 403.32976371556106
  y: 64.0
  z: 143.22788493878852
  yaw: -178.82245
  pitch: 19.649729
