timestamps:
  login: 1340684762832
  logout: 1340684899604
ipAddress: 75.84.108.177
lastlocation:
  world: world
  x: -8.084927316765228
  y: 75.0
  z: 478.92500001192093
  yaw: -223.19818
  pitch: -10.64993
