timestamps:
  login: 1335784629425
  logout: 1335784737421
ipAddress: 84.50.56.213
lastlocation:
  world: world
  x: 3892.5
  y: 72.62000000476837
  z: 373.5
  yaw: 0.0
  pitch: 0.0
homes:
  home:
    world: world
    x: 3891.8245267285006
    y: 64.0
    z: 370.78458427091306
    yaw: 128.47166
    pitch: 17.392294
