timestamps:
  login: 1336323076274
  lastteleport: 1336323382623
  logout: 1336323581505
ipAddress: 156.34.39.40
lastlocation:
  world: world
  x: 3890.5639707901228
  y: 64.0
  z: 371.3610422227058
  yaw: 165.29529
  pitch: 28.710169
