timestamps:
  login: 1335896809347
  lastteleport: 1335620651781
  logout: 1335897008543
ipAddress: 86.148.111.46
lastlocation:
  world: world
  x: 2168.2622151687196
  y: 63.0
  z: 58.93476549856102
  yaw: -70.24985
  pitch: 8.899186
