timestamps:
  login: 1340684679679
  logout: 1340685789605
ipAddress: 66.91.239.201
lastlocation:
  world: world
  x: -41.35316054896526
  y: 83.5
  z: 433.50229972659423
  yaw: 14.099609
  pitch: 34.200027
