timestamps:
  login: 1335736359949
  lastteleport: 1335738725247
  logout: 1335739006589
ipAddress: 66.75.55.129
lastlocation:
  world: world
  x: 3704.842419790775
  y: 63.0
  z: 292.1067204080002
  yaw: -48.989746
  pitch: 39.02385
