timestamps:
  login: 1334886029743
  lastteleport: 1334886208656
  logout: 1334886370186
ipAddress: 99.103.152.128
lastlocation:
  world: world
  x: 1611.073308738959
  y: 67.0
  z: -187.5111802666213
  yaw: -271.23242
  pitch: 6.543437
