timestamps:
  login: 1334174182486
  lastteleport: 1334174209418
  logout: 1334174233053
ipAddress: 50.92.211.211
lastlocation:
  world: world
  x: 397.8511911384374
  y: 62.0
  z: 128.42042942145662
  yaw: 31.370823
  pitch: 6.358378
