timestamps:
  login: 1334750382489
  logout: 1334750543686
  lastteleport: 1334607486418
ipAddress: 108.36.250.66
lastlocation:
  world: world
  x: 1500.5609984416528
  y: 70.0
  z: 178.5075958724204
  yaw: -78.92794
  pitch: 4.500003
