timestamps:
  login: 1335302895561
  logout: 1335303347649
  lastteleport: 1335303337658
ipAddress: 98.192.76.98
lastlocation:
  world: world
  x: 831.3000000119209
  y: 77.0
  z: -1477.300000011921
  yaw: 314.57507
  pitch: -76.200005
