timestamps:
  login: 1338404441984
  lastteleport: 1338404451881
  logout: 1338404559814
ipAddress: 124.182.44.189
lastlocation:
  world: world
  x: -49.181835445042594
  y: 80.0
  z: 428.8539593068008
  yaw: -179.64813
  pitch: 23.050251
homes:
  home:
    world: world
    x: 172.80834134794708
    y: 26.0
    z: 173.13332375909786
    yaw: -312.46265
    pitch: -80.48722
