timestamps:
  login: 1336838647705
  logout: 1336838666327
  lastteleport: 1336838651756
ipAddress: 24.63.16.204
lastlocation:
  world: world
  x: 557.5206190937757
  y: 64.0
  z: -1082.2198636214273
  yaw: 290.6489
  pitch: -5.5500035
