timestamps:
  login: 1334190205677
  logout: 1334190344333
  lastteleport: 1334190258007
ipAddress: 108.199.174.161
lastlocation:
  world: world
  x: 369.86497481755845
  y: 82.0
  z: 983.346602704149
  yaw: -55.22119
  pitch: 8.699973
