timestamps:
  login: 1338288292953
  lastteleport: 1336267949228
  logout: 1338288342194
ipAddress: 99.15.95.219
lastlocation:
  world: world
  x: -40.92557312760597
  y: 77.0
  z: 460.3863331512171
  yaw: -311.74423
  pitch: 16.906261
