timestamps:
  login: 1336183279124
  lastteleport: 1336183309122
  logout: 1336183383811
ipAddress: 98.89.95.250
lastlocation:
  world: world
  x: 3859.66531108717
  y: 71.0
  z: 322.20053912482376
  yaw: 207.15146
  pitch: 15.548209
