timestamps:
  login: 1336745237881
  lastteleport: 1336745383730
  logout: 1336745408875
ipAddress: 78.149.12.78
lastlocation:
  world: world
  x: 1213.0894310889955
  y: 67.0
  z: 2594.27691276123
  yaw: 196.6031
  pitch: 15.000031
