timestamps:
  login: 1337515562090
  logout: 1337515795336
  lastteleport: 1337515660816
ipAddress: 71.162.17.172
lastlocation:
  world: world
  x: -418.3858193483121
  y: 65.0
  z: 631.5332812493649
  yaw: -187.80072
  pitch: 39.899986
homes:
  home:
    world: world
    x: -94.16994895528731
    y: 64.0
    z: 806.1466159657411
    yaw: 182.3988
    pitch: 8.699986
