timestamps:
  login: 1336691526740
  lastteleport: 1336691684854
  logout: 1336692022481
ipAddress: 184.56.251.204
lastlocation:
  world: world
  x: 603.3000000119209
  y: 52.0
  z: -1245.300000011921
  yaw: 187.05066
  pitch: 25.200024
