timestamps:
  login: 1336731323512
  logout: 1336731360191
ipAddress: 121.219.207.199
lastlocation:
  world: world
  x: 780.5
  y: 47.303930191476205
  z: -1063.5
  yaw: -2.7
  pitch: 1.3499999
