timestamps:
  login: 1333985935638
  lastteleport: 1333986050841
  logout: 1333986093270
ipAddress: 67.244.83.201
lastlocation:
  world: world
  x: 375.9160693898946
  y: 82.0
  z: 977.2958237837951
  yaw: 144.12901
  pitch: 31.499966
