timestamps:
  login: 1335649093467
  logout: 1335649101475
  lastteleport: 1335648322335
ipAddress: 184.147.18.182
lastlocation:
  world: world
  x: 762.84418496424
  y: 67.0
  z: -2018.74150274742
  yaw: 123.68766
  pitch: 18.558502
