timestamps:
  login: 1334413016266
  lastteleport: 1334412864329
  logout: 1334413019900
ipAddress: 97.118.160.101
lastlocation:
  world: world
  x: 403.3804634085421
  y: 68.0
  z: 196.6275665194099
  yaw: 113.92195
  pitch: -3.1603308
money: 0.0
ban:
  reason: Spammer..
