timestamps:
  login: 1333925740958
  lastteleport: 1333925813375
  logout: 1333925905528
ipAddress: 71.30.123.42
lastlocation:
  world: world
  x: 376.29171794818444
  y: 65.0
  z: 936.4177257982545
  yaw: -188.72072
  pitch: 30.00002
