timestamps:
  login: 1334093550505
  lastteleport: 1334092576527
  logout: 1334093556079
ipAddress: 173.22.224.144
lastlocation:
  world: world
  x: 403.0464448267575
  y: 68.0
  z: 167.1021063295553
  yaw: -173.7225
  pitch: 14.0997305
