timestamps:
  login: 1340483568874
  logout: 1340484044920
ipAddress: 92.22.135.250
lastlocation:
  world: world
  x: -45.095108510582804
  y: 77.0
  z: 426.4691810136863
  yaw: -135.00005
  pitch: 41.250008
