timestamps:
  login: 1336835574460
  lastteleport: 1336835581106
  logout: 1336835732676
ipAddress: 176.253.31.122
lastlocation:
  world: world
  x: 787.5
  y: 63.0
  z: -1072.5
  yaw: 181.19601
  pitch: -11.699993
