timestamps:
  login: 1333991465049
  lastteleport: 1333992059968
  logout: 1333992081017
ipAddress: 83.109.42.163
lastlocation:
  world: world
  x: 404.11360356187913
  y: 67.0
  z: 124.35870058509889
  yaw: 4.627641
  pitch: 30.149717
