timestamps:
  login: 1335037995374
  lastteleport: 1335038028218
  logout: 1335038239885
ipAddress: 109.58.6.246
lastlocation:
  world: world
  x: 3108.064819509033
  y: 80.0
  z: 1418.1082370520473
  yaw: 6.7517805
  pitch: 18.891891
money: 0.0
