timestamps:
  login: 1336792931608
  lastteleport: 1336795471915
  logout: 1336795529399
ipAddress: 184.153.163.149
lastlocation:
  world: world
  x: 851.7681673690518
  y: 32.0
  z: -1112.528078808879
  yaw: -76.151855
  pitch: 5.006433
