timestamps:
  login: 1333989941856
  lastteleport: 1333989997325
  logout: 1333990020487
ipAddress: 184.9.8.237
lastlocation:
  world: world
  x: 403.6037295677275
  y: 68.0
  z: 169.35708365814435
  yaw: -186.02245
  pitch: 13.799736
