timestamps:
  login: 1340109906729
  lastteleport: 1340047533093
  logout: 1340110004008
ipAddress: 184.75.236.93
lastlocation:
  world: world
  x: -580.0437178694337
  y: 63.0
  z: 345.5142399381221
  yaw: 309.74973
  pitch: 7.8000484
homes:
  home:
    world: world
    x: -581.6163392329668
    y: 63.2781951163521
    z: 346.51831587719863
    yaw: 79.79846
    pitch: 8.549994
