timestamps:
  login: 1333995819972
  lastteleport: 1333992205644
  logout: 1333995874698
ipAddress: 94.3.183.78
lastlocation:
  world: world
  x: 403.1297296088876
  y: 68.0
  z: 167.58223488092787
  yaw: -173.87251
  pitch: 13.94973
