timestamps:
  login: 1334514059367
  lastteleport: 1334508682304
  logout: 1334514088603
ipAddress: 92.21.218.227
lastlocation:
  world: world
  x: 1501.5819734934214
  y: 70.0
  z: 179.58238793985487
  yaw: -120.544334
  pitch: 11.171761
