timestamps:
  login: 1338191591960
  logout: 1338191615642
ipAddress: 98.253.215.141
lastlocation:
  world: world
  x: -53.95552039752921
  y: 79.0
  z: 429.1139768899897
  yaw: -85.59808
  pitch: 5.2499924
