timestamps:
  login: 1335052053816
  lastteleport: 1335047214477
  logout: 1335052063727
ipAddress: 70.185.110.89
lastlocation:
  world: world
  x: 3637.027853527131
  y: 62.0
  z: 1874.992423091239
  yaw: 262.52393
  pitch: 32.42103
