timestamps:
  login: 1335555120942
  lastteleport: 1335555399597
  logout: 1335555444074
ipAddress: 80.216.44.80
lastlocation:
  world: world
  x: 701.1678035140343
  y: 79.0
  z: -1587.3263112017864
  yaw: -159.27687
  pitch: 7.349956
