timestamps:
  login: 1338586060149
  lastteleport: 1338316591756
  logout: 1338586077578
ipAddress: 80.212.196.220
lastlocation:
  world: world
  x: -248.69999998807907
  y: 22.0
  z: 107.44559314986692
  yaw: -218.8526
  pitch: 6.600004
