timestamps:
  login: 1335888613795
  lastteleport: 1335888703694
  logout: 1335888706938
ipAddress: 90.227.211.115
lastlocation:
  world: world
  x: 2511.799880175729
  y: 80.0
  z: 1430.477634748969
  yaw: 98.53983
  pitch: 16.500027
