timestamps:
  login: 1335320658662
  lastteleport: 1335320683712
  logout: 1335320832905
ipAddress: 210.49.209.8
lastlocation:
  world: world
  x: 769.5328582944751
  y: 67.0
  z: -1998.1419909043082
  yaw: 234.74617
  pitch: 7.00947
