timestamps:
  login: 1336172183162
  logout: 1336187500844
  lastteleport: 1336170856310
ipAddress: 70.120.93.198
lastlocation:
  world: world
  x: 3922.1740592550823
  y: 137.0
  z: 26.32295507591536
  yaw: -9.351629
  pitch: 33.14989
