timestamps:
  login: 1333986897185
  lastteleport: 1333987686579
  logout: 1333987948411
ipAddress: 82.15.71.56
lastlocation:
  world: world
  x: 403.08765185309124
  y: 64.0
  z: 143.77897471629677
  yaw: 160.72739
  pitch: 10.75492
