timestamps:
  login: 1340497824824
  logout: 1340497905868
ipAddress: 67.225.118.129
lastlocation:
  world: world
  x: -59.30000001192093
  y: 77.5
  z: 430.42021945230766
  yaw: -89.10006
  pitch: 32.400005
