timestamps:
  login: 1333982912442
  lastteleport: 1333982464644
  logout: 1333982986821
ipAddress: 99.46.63.62
lastlocation:
  world: world
  x: 368.5880254384998
  y: 65.0
  z: 942.5199074206971
  yaw: 210.94017
  pitch: 11.837012
