timestamps:
  login: 1333987795679
  lastteleport: 1333987840924
  logout: 1333987878262
ipAddress: 68.229.232.160
lastlocation:
  world: world
  x: 404.10846615669726
  y: 64.0
  z: 144.09952345760536
  yaw: -160.16628
  pitch: 24.36493
