timestamps:
  login: 1336315595848
  lastteleport: 1336316439018
  logout: 1336316646455
ipAddress: 142.179.14.239
lastlocation:
  world: world
  x: 3891.508474926667
  y: 64.0
  z: 370.32513056988256
  yaw: 135.36412
  pitch: 17.301786
money: 12.0
