timestamps:
  login: 1335209691119
  logout: 1335216551134
  lastteleport: 1335146072060
ipAddress: 216.196.165.17
lastlocation:
  world: world
  x: 3506.614472260386
  y: 105.0
  z: 1818.99992227635
  yaw: -177.69215
  pitch: 51.888683
money: 299.0
