timestamps:
  login: 1340678452928
  logout: 1340678514654
ipAddress: 216.160.93.226
lastlocation:
  world: world
  x: -337.5684745794313
  y: 63.0
  z: 239.32046098449655
  yaw: -190.34924
  pitch: -1.049986
