timestamps:
  login: 1338018112960
  lastteleport: 1338018885942
  logout: 1338018967316
ipAddress: 24.62.198.179
lastlocation:
  world: world
  x: -49.395880085446834
  y: 79.5
  z: 424.8452232554787
  yaw: -334.74817
  pitch: 10.300257
