timestamps:
  login: 1335894219554
  lastteleport: 1335894283850
  logout: 1335894428493
ipAddress: 75.175.1.206
lastlocation:
  world: world
  x: 3860.213569075048
  y: 71.0
  z: 319.71194634392964
  yaw: -178.25453
  pitch: 8.999997
