timestamps:
  login: 1336454886745
  logout: 1336454898326
  lastteleport: 1335760872491
ipAddress: 173.180.163.116
lastlocation:
  world: world
  x: 3910.286744110781
  y: 88.0
  z: 333.7043138439971
  yaw: 24.995115
  pitch: 11.100263
