timestamps:
  login: 1336515403359
  lastteleport: 1336516016598
  logout: 1336516107433
ipAddress: 24.33.146.151
lastlocation:
  world: world
  x: 3852.0461514734156
  y: 68.0
  z: 388.9004872207595
  yaw: -6.6393356
  pitch: 30.076769
