timestamps:
  login: 1338832638498
  logout: 1338832719922
ipAddress: 71.246.199.167
lastlocation:
  world: world
  x: -81.41267786026388
  y: 74.0
  z: 462.0436114877859
  yaw: 52.20031
  pitch: 4.6500044
