timestamps:
  login: 1335656734372
  lastteleport: 1335656784783
  logout: 1335657133254
ipAddress: 108.48.65.244
lastlocation:
  world: world
  x: 3888.9153257524504
  y: 64.0
  z: 367.6262657335805
  yaw: 82.44537
  pitch: 11.249987
money: 280.0
