timestamps:
  login: 1334664965195
  logout: 1334666201263
  lastteleport: 1334665168269
ipAddress: 67.253.6.187
lastlocation:
  world: world
  x: 2107.4575551403263
  y: 70.0
  z: 1365.6945255503779
  yaw: -193.70728
  pitch: 7.9502
