timestamps:
  login: 1338645683243
  lastteleport: 1335341406301
  logout: 1338645729115
ipAddress: 119.18.30.76
lastlocation:
  world: world
  x: -7.925000011920931
  y: 78.5
  z: 448.2010977632741
  yaw: 268.91602
  pitch: 14.547535
