timestamps:
  login: 1334065031720
  lastteleport: 1334065282234
  logout: 1334065284570
ipAddress: 83.104.36.53
lastlocation:
  world: world
  x: 399.2042888316107
  y: 67.0
  z: 102.50336223562918
  yaw: 321.82837
  pitch: 16.579567
money: 50.0
