timestamps:
  login: 1338070324345
  lastteleport: 1338070621585
  logout: 1338070894002
ipAddress: 69.49.41.198
lastlocation:
  world: world
  x: 17.461327065872553
  y: 77.0
  z: 398.11791777119475
  yaw: 59.90217
  pitch: -20.18781
