timestamps:
  login: 1335971356762
  lastteleport: 1335971386806
  logout: 1335971597291
ipAddress: 188.220.224.203
lastlocation:
  world: world
  x: 3863.8816476471193
  y: 73.0
  z: 319.30000001192093
  yaw: 207.24545
  pitch: -7.7997837
