timestamps:
  login: 1334001988157
  lastteleport: 1334001945371
  logout: 1334002048321
ipAddress: 68.57.36.65
lastlocation:
  world: world
  x: 403.3645538411983
  y: 67.0
  z: 121.27279418639006
  yaw: -177.02261
  pitch: 5.8497453
