timestamps:
  login: 1338668240143
  lastteleport: 1335265525348
  logout: 1338668274051
ipAddress: 2.98.206.245
lastlocation:
  world: world
  x: -45.35341876229711
  y: 79.5
  z: 429.7923471860962
  yaw: 162.75116
  pitch: 8.6893015
