timestamps:
  login: 1335810881526
  lastteleport: 1335810802792
  logout: 1335811127821
ipAddress: 86.140.25.82
lastlocation:
  world: world
  x: 3886.2470301718427
  y: 50.0
  z: 487.5007770212556
  yaw: 139.2223
  pitch: 41.901043
