timestamps:
  login: 1335685090877
  lastteleport: 1335685431553
  logout: 1335685714073
ipAddress: 76.170.184.167
lastlocation:
  world: world
  x: 3859.40467572091
  y: 71.0
  z: 320.32276805477676
  yaw: 206.49553
  pitch: 11.250215
money: 270.0
