timestamps:
  login: 1340694321784
  logout: 1340694824654
ipAddress: 65.74.81.38
lastlocation:
  world: world
  x: 100.00626510521374
  y: 64.0
  z: 600.8394158542078
  yaw: -111.749596
  pitch: 12.750035
