timestamps:
  login: 1336324825504
  lastteleport: 1336253822347
  logout: 1336324877365
ipAddress: 81.191.96.147
lastlocation:
  world: world
  x: 3841.7139290339
  y: 56.0
  z: 402.69999998807907
  yaw: 223.89545
  pitch: 27.150156
