timestamps:
  login: 1335580560067
  lastteleport: 1335399073046
  logout: 1335580601516
ipAddress: 50.47.238.226
lastlocation:
  world: world
  x: 3551.699999988079
  y: 61.0
  z: 1901.300000011921
  yaw: -266.17834
  pitch: 12.299996
