timestamps:
  login: 1338424892458
  logout: 1338425998686
  lastteleport: 1338425769120
ipAddress: 88.162.22.134
lastlocation:
  world: world
  x: -40.10067090370721
  y: 77.0
  z: 421.6685918297766
  yaw: -135.24805
  pitch: 3.6000056
