timestamps:
  login: 1335011537013
  lastteleport: 1334472425058
  logout: 1334482117489
ipAddress: 188.53.44.14
lastlocation:
  world: world
  x: 1499.2148561957322
  y: 70.0
  z: 185.08141488738536
  yaw: 65.15275
  pitch: 21.004787
