timestamps:
  login: 1338542394902
  lastteleport: 1338543181219
  logout: 1338543387525
ipAddress: 173.76.21.36
lastlocation:
  world: world
  x: 3097.300000011921
  y: 57.0
  z: 2714.300000011921
  yaw: -273.17688
  pitch: 55.40148
money: 299.0
