timestamps:
  login: 1336158809183
  logout: 1336158832193
  lastteleport: 1335434759121
ipAddress: 83.20.86.40
lastlocation:
  world: world_nether
  x: 196.25330142655758
  y: 85.0
  z: -246.3659187199301
  yaw: -218.23631
  pitch: 21.231285
