timestamps:
  login: 1340590951315
  logout: 1340590972634
ipAddress: 99.246.124.135
lastlocation:
  world: world
  x: -0.8317274117432437
  y: 74.0
  z: 469.90542701210984
  yaw: -40.83596
  pitch: 9.4177885
