timestamps:
  login: 1340675538288
  logout: 1340675704646
ipAddress: 67.87.94.28
lastlocation:
  world: world
  x: -36.07398219804199
  y: 74.0
  z: 412.4893686303698
  yaw: 97.049805
  pitch: -23.550032
