timestamps:
  login: 1333990373253
  lastteleport: 1333990690281
  logout: 1333990894634
ipAddress: 83.71.5.47
lastlocation:
  world: world
  x: 403.8102470511949
  y: 65.5
  z: 161.87405390443038
  yaw: -165.11253
  pitch: 20.520931
