timestamps:
  login: 1335731572127
  logout: 1335732336310
  lastteleport: 1335731484028
ipAddress: 71.219.138.187
lastlocation:
  world: world
  x: 3986.732840349858
  y: 63.0
  z: -43.369131237052294
  yaw: -303.954
  pitch: 22.800016
