timestamps:
  login: 1338257495921
  lastteleport: 1338257168741
  logout: 1338257507016
ipAddress: 108.223.161.141
lastlocation:
  world: world
  x: -82.38454454149847
  y: 77.0
  z: 395.5995007092973
  yaw: -222.99808
  pitch: 15.550262
