timestamps:
  login: 1334518598590
  lastteleport: 1334515436660
  logout: 1334518602746
ipAddress: 87.19.36.232
lastlocation:
  world: world
  x: 1501.0362286808534
  y: 70.0
  z: 178.1429561593868
  yaw: -85.678894
  pitch: 21.593447
money: 285.0
