timestamps:
  login: 1340675230954
  logout: 1340675433243
ipAddress: 75.62.153.48
lastlocation:
  world: world
  x: -44.300000011920936
  y: 74.5
  z: 344.7372614180833
  yaw: -77.35104
  pitch: 65.61832
