timestamps:
  login: 1338087145028
  lastteleport: 1337836811139
  logout: 1338087150887
ipAddress: 64.229.183.204
lastlocation:
  world: world
  x: 219.8752071968579
  y: 64.0
  z: 242.69999998807907
  yaw: -18.098267
  pitch: 10.200007
