timestamps:
  lastteleport: 1338510803648
  logout: 1339982008560
  login: 1339981915273
  kits:
    gladiator: 1334880906937
lastlocation:
  world: world
  x: -3.578980566254503
  y: 70.08994129131506
  z: 638.1459255614936
  yaw: 127.16804
  pitch: 23.518105
ipAddress: 98.194.112.163
afk: false
godmode: false
money: 334.0
