timestamps:
  login: 1340473931513
  logout: 1340474122170
ipAddress: 93.172.169.45
lastlocation:
  world: world
  x: -0.3201205754679059
  y: 74.0
  z: 441.15379815817886
  yaw: 121.95102
  pitch: 7.649958
