timestamps:
  login: 1335907481711
  lastteleport: 1335907544591
  logout: 1335907828597
ipAddress: 86.172.12.218
lastlocation:
  world: world
  x: 3860.0953899371175
  y: 71.0
  z: 321.55252037823476
  yaw: -174.2153
  pitch: 2.1304305
