timestamps:
  login: 1339969271425
  logout: 1339969458561
ipAddress: 108.77.73.45
lastlocation:
  world: world
  x: 127.80241194041707
  y: 68.78608123157454
  z: 253.2707781801838
  yaw: 185.09998
  pitch: 14.549999
