timestamps:
  login: 1338095514848
  logout: 1338095640304
ipAddress: 83.243.175.117
lastlocation:
  world: world
  x: -38.77674034485357
  y: 77.5
  z: 371.7081227767814
  yaw: -225.99812
  pitch: 15.250253
