timestamps:
  login: 1333990767931
  logout: 1333991244786
  lastteleport: 1333990800711
ipAddress: 68.198.190.54
lastlocation:
  world: world
  x: 402.12928589701124
  y: 68.0
  z: 167.14119063401682
  yaw: -157.47202
  pitch: 16.202547
