timestamps:
  login: 1333994921887
  lastteleport: 1333995127822
  logout: 1333995239748
ipAddress: 84.234.189.164
lastlocation:
  world: world
  x: 403.34389712693144
  y: 64.0
  z: 138.80464883174943
  yaw: -356.8725
  pitch: 30.59972
money: 0.0
