timestamps:
  login: 1340228755881
  logout: 1340228805376
ipAddress: 67.231.198.211
lastlocation:
  world: world
  x: -45.5
  y: 77.0
  z: 426.5
  yaw: -184.95015
  pitch: 38.099995
