timestamps:
  login: 1335387411918
  logout: 1335388775844
  lastteleport: 1335388227914
  mute: 0
ipAddress: 24.141.229.182
lastlocation:
  world: world
  x: 780.1110191423168
  y: 57.0
  z: -2148.277850036794
  yaw: 283.3457
  pitch: 51.75712
money: 294.0
muted: false
ban:
  reason: greifing my arena
