timestamps:
  login: 1334933376646
  lastteleport: 1334933564268
  logout: 1334933588207
ipAddress: 24.108.66.167
lastlocation:
  world: world
  x: 3055.397110433131
  y: 62.0
  z: 1477.7606944425984
  yaw: 143.90924
  pitch: 12.453014
money: 299.0
