timestamps:
  login: 1337632614526
  lastteleport: 1336228181124
  logout: 1337632629594
ipAddress: 108.35.218.99
lastlocation:
  world: world
  x: -47.5
  y: 119.62000000476837
  z: 440.5
  yaw: 0.0
  pitch: 0.0
money: 597.0
homes:
  home:
    world: world
    x: 924.8395492647556
    y: 64.0
    z: 510.9517429988134
    yaw: -32.744873
    pitch: 16.284554
