timestamps:
  login: 1333990717192
  lastteleport: 1333990756642
  logout: 1333990954676
ipAddress: 82.41.224.226
lastlocation:
  world: world
  x: 395.99906684632845
  y: 65.0
  z: 141.26721448728418
  yaw: -101.54434
  pitch: 2.372449
