timestamps:
  login: 1340537551000
  logout: 1340537644139
ipAddress: 86.22.228.59
lastlocation:
  world: world
  x: -34.57876830524631
  y: 74.0
  z: 439.66190178682683
  yaw: 132.74998
  pitch: 29.400005
