timestamps:
  login: 1340249465298
  mute: 0
  lastteleport: 1340249642493
  logout: 1340249677130
ipAddress: 24.127.0.114
lastlocation:
  world: world
  x: -37.52231583235343
  y: 74.0
  z: 465.1766177642552
  yaw: 131.24998
  pitch: 6.750004
muted: true
