timestamps:
  login: 1336087452535
  lastteleport: 1336075113669
  logout: 1336087486024
ipAddress: 68.197.154.78
lastlocation:
  world: world
  x: 3135.082456260549
  y: 55.99789179154454
  z: 705.3991263025275
  yaw: 130.07529
  pitch: 41.549988
