timestamps:
  login: 1334066161841
  lastteleport: 1334067016054
  logout: 1334067021133
ipAddress: 94.0.110.81
lastlocation:
  world: world
  x: 403.3188598523302
  y: 68.0
  z: 178.88272586815464
  yaw: -180.17249
  pitch: 20.999731
