timestamps:
  login: 1335906296529
  lastteleport: 1335906445250
  logout: 1335906507189
ipAddress: 68.107.48.117
lastlocation:
  world: world
  x: 3880.880582795105
  y: 64.0
  z: 359.6180409054161
  yaw: 152.49539
  pitch: 20.850208
