timestamps:
  login: 1338156719025
  lastteleport: 1338156937065
  logout: 1338156948935
ipAddress: 176.255.26.180
lastlocation:
  world: world
  x: 57.80523726826938
  y: 71.0
  z: -511.879815667383
  yaw: 177.85852
  pitch: 15.829327
