timestamps:
  login: 1335940145604
  lastteleport: 1335940923898
  logout: 1335941004445
ipAddress: 78.78.138.204
lastlocation:
  world: world
  x: 3956.4821054244
  y: 69.0
  z: 19.047787543976188
  yaw: -233.65472
  pitch: 5.265193
money: 0.0
