timestamps:
  login: 1337468512708
  lastteleport: 1336247402546
  logout: 1337468516462
ipAddress: 2.96.111.75
lastlocation:
  world: world
  x: -36.5
  y: 117.62000000476837
  z: 438.5
  yaw: 0.0
  pitch: 0.0
homes:
  home:
    world: world
    x: 3767.650837648998
    y: 77.0
    z: 1012.5009980583129
    yaw: -107.897385
    pitch: 11.3760195
