timestamps:
  login: 1338683843563
  lastteleport: 1338605963733
  logout: 1338684196145
ipAddress: 24.166.245.235
lastlocation:
  world: world
  x: -312.2859030236236
  y: 64.0
  z: 261.11911077472223
  yaw: -354.9536
  pitch: 21.40267
