timestamps:
  login: 1334082784872
  lastteleport: 1334082853926
  logout: 1334083233350
ipAddress: 83.117.17.17
lastlocation:
  world: world
  x: 402.85506008284256
  y: 68.0
  z: 167.7394106269729
  yaw: -171.92252
  pitch: 11.099998
