timestamps:
  login: 1339657582795
  lastteleport: 1339657594914
  logout: 1339657624240
ipAddress: 86.135.64.79
lastlocation:
  world: world
  x: -24.914292529291124
  y: 74.0
  z: 483.8523662671276
  yaw: -122.84999
  pitch: 24.300007
