timestamps:
  login: 1341066890268
  lastteleport: 1341067418365
  logout: 1341067720177
ipAddress: 93.163.166.142
lastlocation:
  world: world
  x: 0.31105933268400154
  y: 74.0
  z: 367.5491255713001
  yaw: 86.34097
  pitch: 74.98962
