timestamps:
  login: 1335908372902
  lastteleport: 1335908342348
  logout: 1335908192242
ipAddress: 66.130.137.68
lastlocation:
  world: world
  x: 3891.139989558798
  y: 64.0
  z: 369.76707965229895
  yaw: 130.74544
  pitch: 27.900211
money: 285.0
