timestamps:
  login: 1333942071772
  logout: 1333942479739
  lastteleport: 1333941619097
ipAddress: 75.64.76.47
lastlocation:
  world: world
  x: 215.3840244309979
  y: 69.0
  z: 744.1031779376743
  yaw: -81.29871
  pitch: 24.761272
