timestamps:
  login: 1336144081605
  logout: 1336144129650
ipAddress: 81.235.194.169
lastlocation:
  world: world
  x: 3893.5
  y: 74.62000000476837
  z: 373.5
  yaw: 0.0
  pitch: 0.0
homes:
  home:
    world: world
    x: 3864.2809870615156
    y: 64.0
    z: 334.84808664896383
    yaw: 162.8454
    pitch: 10.350221
