timestamps:
  login: 1334256971465
  lastteleport: 1334256983567
  logout: 1334257150800
ipAddress: 213.106.34.150
lastlocation:
  world: world
  x: 224.30000001192093
  y: 65.0
  z: 736.0227220834141
  yaw: 1.5917923
  pitch: 2.6706436
