timestamps:
  login: 1335137324069
  lastteleport: 1335137509445
  logout: 1335137531574
  mute: 0
ipAddress: 75.143.245.128
lastlocation:
  world: world
  x: 270.02552524485446
  y: 63.0
  z: 571.0366918527801
  yaw: 193.92807
  pitch: 17.699987
homes:
  home:
    world: world
    x: 255.69362666294688
    y: 64.0
    z: 563.3659706208531
    yaw: -130.82198
    pitch: 5.2499905
money: 7212.0
muted: false
ban:
  reason: Take of hacks noob
