timestamps:
  login: 1336669320270
  lastteleport: 1336669650317
  logout: 1336669691614
ipAddress: 82.21.80.86
lastlocation:
  world: world
  x: 3905.308776835639
  y: 92.0
  z: 350.69999998807907
  yaw: 240.47945
  pitch: 24.081516
