timestamps:
  login: 1335732527436
  lastteleport: 1335732706382
  logout: 1335732751269
ipAddress: 99.242.172.236
lastlocation:
  world: world
  x: 3859.9949625825493
  y: 71.0
  z: 321.08689638864837
  yaw: 171.54547
  pitch: 6.1500044
