timestamps:
  login: 1333991543954
  lastteleport: 1333992359410
  logout: 1333992388309
ipAddress: 108.11.1.125
lastlocation:
  world: world
  x: 403.5135622103562
  y: 64.0
  z: 138.42012542361664
  yaw: -181.22247
  pitch: 22.649729
