timestamps:
  login: 1333985521375
  lastteleport: 1333985711858
  logout: 1333985980192
ipAddress: 81.232.20.224
lastlocation:
  world: world
  x: 375.0901583533998
  y: 65.0
  z: 936.7645204315465
  yaw: -175.81995
  pitch: 17.850065
