timestamps:
  login: 1335887636850
  lastteleport: 1335887909144
  logout: 1335888131940
ipAddress: 62.20.195.219
lastlocation:
  world: world
  x: 3859.359083367429
  y: 71.0
  z: 321.4704022450769
  yaw: 260.19446
  pitch: -5.9997787
