timestamps:
  login: 1340557327705
  logout: 1340557845490
ipAddress: 86.7.237.227
lastlocation:
  world: world
  x: -18.359706669147883
  y: 74.0
  z: 402.71731176113053
  yaw: -254.90906
  pitch: 26.693151
