timestamps:
  login: 1338639361736
  logout: 1338639363122
ipAddress: 72.188.24.81
lastlocation:
  world: world
  x: -39.12625368651398
  y: 77.0
  z: 421.4612885934351
  yaw: -214.14839
  pitch: 20.050251
