timestamps:
  login: 1340817889324
  logout: 1340818075384
ipAddress: 184.160.12.81
lastlocation:
  world: world
  x: -464.4901908870786
  y: 64.0
  z: 169.49554870864677
  yaw: 131.9993
  pitch: 53.400063
