timestamps:
  login: 1334106129256
  lastteleport: 1334107455110
  logout: 1334107629886
ipAddress: 207.155.117.29
lastlocation:
  world: world
  x: 402.67627184245947
  y: 67.0
  z: 119.05571708071442
  yaw: 171.12627
  pitch: 7.9499826
money: 0.0
