timestamps:
  login: 1335393631117
  lastteleport: 1335393851085
  logout: 1335394011399
ipAddress: 68.59.146.74
lastlocation:
  world: world
  x: 670.0798574018844
  y: 70.0
  z: -2058.901260134472
  yaw: -136.17616
  pitch: 12.750009
