timestamps:
  login: 1336512053846
  logout: 1336512187383
ipAddress: 89.101.81.233
lastlocation:
  world: world
  x: 3883.5
  y: 68.51044757873841
  z: 368.5
  yaw: -6.476965
  pitch: 5.181572
