timestamps:
  login: 1338319604619
  logout: 1338319747190
ipAddress: 219.77.38.79
lastlocation:
  world: world
  x: -34.29809817551359
  y: 84.0
  z: 428.35856550843835
  yaw: -307.55298
  pitch: 34.854336
