timestamps:
  login: 1338679213468
  logout: 1338680008178
ipAddress: 65.190.213.93
lastlocation:
  world: world
  x: 23.338767274400034
  y: 20.0
  z: 282.8978913822755
  yaw: 302.30164
  pitch: 6.299964
