timestamps:
  login: 1335290317746
  logout: 1334784034063
  lastteleport: 1335290925401
ipAddress: 82.18.159.118
lastlocation:
  world: world
  x: 763.9239841562957
  y: 67.0
  z: -2015.759513374067
  yaw: 289.61755
  pitch: 13.971199
money: 299.0
