timestamps:
  login: 1334877320407
  lastteleport: 1334877354997
  logout: 1334877527532
ipAddress: 174.131.189.78
lastlocation:
  world: world
  x: 1514.0044984773906
  y: 84.0
  z: -187.1693806611188
  yaw: -128.28186
  pitch: 36.843414
