timestamps:
  login: 1338248517324
  logout: 1338248532394
ipAddress: 96.55.174.27
lastlocation:
  world: world
  x: -43.69999998807908
  y: 77.5
  z: 424.8603140986578
  yaw: 43.63118
  pitch: 11.0264015
