timestamps:
  login: 1336720201760
  lastteleport: 1336720614247
  logout: 1336720840692
ipAddress: 121.220.30.168
lastlocation:
  world: world
  x: 806.4761751362282
  y: 46.0
  z: -1102.699999988079
  yaw: 184.81616
  pitch: -23.594248
