timestamps:
  login: 1338061354225
  lastteleport: 1338061420871
  logout: 1338061471655
ipAddress: 115.69.50.1
lastlocation:
  world: world
  x: 488.53519333148375
  y: 62.0
  z: 633.5114546792852
  yaw: -310.39267
  pitch: -86.99832
