timestamps:
  login: 1333986153846
  lastteleport: 1333986766296
  logout: 1333987188312
ipAddress: 50.96.109.4
lastlocation:
  world: world
  x: 375.6204131618929
  y: 65.0
  z: 936.4949562004798
  yaw: -193.62495
  pitch: 27.782501
