timestamps:
  login: 1340910196358
  lastteleport: 1340911434410
  logout: 1340912980470
ipAddress: 83.67.1.217
lastlocation:
  world: world
  x: 534.4383987442483
  y: 81.0
  z: 748.0956398672942
  yaw: 250.66992
  pitch: 18.783571
