timestamps:
  login: 1340504671481
  logout: 1340504698745
ipAddress: 58.111.211.200
lastlocation:
  world: world
  x: -32.82815339755857
  y: 74.0
  z: 416.4334043076959
  yaw: 40.800037
  pitch: 4.200012
