timestamps:
  login: 1336245773939
  lastteleport: 1336245826339
  logout: 1336245944078
ipAddress: 82.33.92.106
lastlocation:
  world: world
  x: 3829.1640248864846
  y: 90.0
  z: 337.457584485397
  yaw: -149.60477
  pitch: -60.149998
