timestamps:
  login: 1340222818796
  lastteleport: 1340223605012
  logout: 1340224090327
ipAddress: 216.73.70.4
lastlocation:
  world: world
  x: 2543.813929253829
  y: 63.0
  z: 1424.3895638352005
  yaw: -355.43256
  pitch: 15.899991
