timestamps:
  login: 1338590796469
  logout: 1338590878620
  lastteleport: 1335206418545
ipAddress: 212.251.237.150
lastlocation:
  world: world
  x: 81.4297530199041
  y: 77.0
  z: 562.6403083917291
  yaw: -230.4002
  pitch: 20.249945
