timestamps:
  login: 1338348837471
  logout: 1338348908089
ipAddress: 85.164.55.144
lastlocation:
  world: world
  x: -62.747321500546846
  y: 81.0
  z: 430.2797992256812
  yaw: 47.751873
  pitch: 16.450249
