timestamps:
  login: 1335989739527
  lastteleport: 1335989780728
  mute: 0
  logout: 1335989835922
ipAddress: 24.184.216.6
lastlocation:
  world: world
  x: 3876.7556185967974
  y: 64.0
  z: 348.6410986237074
  yaw: 162.99544
  pitch: 1.6502167
muted: true
