timestamps:
  login: 1335705169563
  logout: 1335705592157
  lastteleport: 1335705580763
ipAddress: 89.27.9.151
lastlocation:
  world: world
  x: 3888.3206445518676
  y: 81.0
  z: 305.1612852470299
  yaw: -54.054558
  pitch: 6.600213
money: 296.0
