timestamps:
  login: 1334065442914
  logout: 1334065594679
  lastteleport: 1334065585893
ipAddress: 24.110.4.212
lastlocation:
  world: world
  x: 414.4351808870018
  y: 67.0
  z: 101.69186094991589
  yaw: 14.376282
  pitch: 10.049
