timestamps:
  login: 1338166220508
  logout: 1338166245471
  lastteleport: 1338085459326
ipAddress: 70.77.53.200
lastlocation:
  world: world
  x: -117.76751838072273
  y: 86.0
  z: 422.97285884719724
  yaw: 227.55305
  pitch: 15.512334
