timestamps:
  login: 1338672231891
  lastteleport: 1338674238534
  logout: 1338674471051
ipAddress: 122.110.69.55
lastlocation:
  world: world
  x: 1753.7375828800737
  y: 40.0
  z: 654.7654537614411
  yaw: 82.32825
  pitch: -9.600046
ban:
  reason: Cant Donate to Be Op, LOL FAIL
homes:
  home:
    world: world
    x: 1735.5854538672197
    y: 56.0
    z: 654.8985805761148
    yaw: 83.079926
    pitch: -27.450027
