timestamps:
  login: 1335849788608
  logout: 1335849844138
  lastteleport: 1335849819991
ipAddress: 24.24.230.112
lastlocation:
  world: world
  x: 3859.2566376441932
  y: 71.0
  z: 320.8224819047152
  yaw: -177.65442
  pitch: -5.099781
