timestamps:
  login: 1336002873849
  lastteleport: 1336002637045
  logout: 1336002881392
ipAddress: 24.253.14.205
lastlocation:
  world: world
  x: 3337.4150929275006
  y: 64.0
  z: 284.69828197797295
  yaw: -134.63927
  pitch: 10.500008
homes:
  home:
    world: world
    x: 3726.697772313403
    y: 8.0
    z: -862.3641319870109
    yaw: -150.2417
    pitch: 34.650013
ban:
  reason: Xray- Appeal at forums
