timestamps:
  login: 1335393558525
  lastteleport: 1335394189611
  logout: 1335394526449
ipAddress: 71.59.27.217
lastlocation:
  world: world
  x: 3489.0332575440425
  y: 105.0
  z: 1845.6897706037942
  yaw: -294.67834
  pitch: 46.78655
