timestamps:
  login: 1334067951094
  logout: 1334068116183
  lastteleport: 1334068032498
ipAddress: 80.42.251.110
lastlocation:
  world: world
  x: 404.5174686295172
  y: 67.0
  z: 123.49753414017991
  yaw: 164.89192
  pitch: 20.735764
money: 150.0
