timestamps:
  login: 1335208389080
  lastteleport: 1335208451547
  logout: 1335208856234
ipAddress: 67.183.196.196
lastlocation:
  world: world
  x: 765.9632507285422
  y: 67.0
  z: -2015.3287763227902
  yaw: 131.56367
  pitch: 33.131283
money: 299.0
