timestamps:
  login: 1336931583117
  lastteleport: 1336931649307
  logout: 1336931668325
ipAddress: 124.176.85.16
lastlocation:
  world: world
  x: 928.8973937920259
  y: 63.0
  z: -1157.28539556644
  yaw: -66.42761
  pitch: 17.848263
