timestamps:
  login: 1335622459144
  lastteleport: 1335622369468
  logout: 1335622535136
ipAddress: 76.249.60.5
lastlocation:
  world: world
  x: 3859.4134299627876
  y: 71.0
  z: 320.77210644619686
  yaw: 183.69557
  pitch: 2.1002133
money: 55.0
