timestamps:
  login: 1338027750137
  lastteleport: 1337859347261
  logout: 1338027753352
ipAddress: 24.77.50.117
lastlocation:
  world: world
  x: -49.181835445042594
  y: 80.0
  z: 428.8539593068008
  yaw: -179.64813
  pitch: 23.050251
