timestamps:
  login: 1336482928503
  lastteleport: 1336483008401
  logout: 1336483086521
ipAddress: 2.123.232.73
lastlocation:
  world: world
  x: 3869.699999988079
  y: 78.0
  z: 314.0173999847125
  yaw: 256.40338
  pitch: -3.8613977
