timestamps:
  login: 1336883145229
  logout: 1336889824478
  lastteleport: 1336889749939
ipAddress: 187.67.127.236
lastlocation:
  world: world
  x: 1140.5
  y: 58.0
  z: -1138.5
  yaw: -91.20361
  pitch: 56.400005
homes:
  home:
    world: world
    x: 1150.300000011921
    y: 61.0
    z: -1227.6593261334895
    yaw: -271.19833
    pitch: 36.74999
money: 52.0
