timestamps:
  login: 1335482568374
  lastteleport: 1335482571830
  logout: 1335482587316
ipAddress: 68.36.209.109
lastlocation:
  world: world
  x: 734.2447015833544
  y: 73.0
  z: -1990.7127718809593
  yaw: 271.49966
  pitch: 2.3537436
