timestamps:
  login: 1335558801702
  lastteleport: 1335558886743
  logout: 1335558896392
ipAddress: 91.15.200.2
lastlocation:
  world: world
  x: 3870.300000011921
  y: 64.0
  z: 342.69999998807907
  yaw: 114.54562
  pitch: 18.150217
