timestamps:
  login: 1335048695815
  lastteleport: 1335048690616
  logout: 1335048710769
ipAddress: 79.97.86.234
lastlocation:
  world: world
  x: 3107.5
  y: 80.0
  z: 1415.5
  yaw: -356.91418
  pitch: 13.199985
