timestamps:
  login: 1336025313208
  lastteleport: 1336026563677
  logout: 1336026876920
ipAddress: 143.238.130.183
lastlocation:
  world: world
  x: 764.3000000119209
  y: 56.0
  z: -1109.7230415974889
  yaw: -310.69092
  pitch: 1.049923
