timestamps:
  login: 1336329999383
  logout: 1336330913314
  lastteleport: 1335359790453
ipAddress: 212.130.113.35
lastlocation:
  world: world
  x: 795.2984763107995
  y: 67.0
  z: -1996.3394915278334
  yaw: -87.56543
  pitch: 10.12586
money: 290.0
