timestamps:
  login: 1335887542943
  lastteleport: 1335887727010
  logout: 1335887746938
ipAddress: 97.113.49.206
lastlocation:
  world: world
  x: 2531.3558000648527
  y: 80.0
  z: 1428.0254647870815
  yaw: 173.47308
  pitch: 26.424238
