timestamps:
  login: 1333990714284
  lastteleport: 1333990758978
  logout: 1333990840096
ipAddress: 82.173.219.173
lastlocation:
  world: world
  x: 403.6956000638971
  y: 64.0
  z: 147.3848864997816
  yaw: -193.22249
  pitch: 7.649731
