timestamps:
  login: 1338614976783
  logout: 1338615092516
  lastteleport: 1338275822944
ipAddress: 66.30.232.218
lastlocation:
  world: world
  x: 284.2652747010562
  y: 66.0
  z: 208.28592685886974
  yaw: 19.401398
  pitch: 29.700003
money: 298.0
