timestamps:
  login: 1340482176380
  logout: 1340482509919
ipAddress: 90.230.36.8
lastlocation:
  world: world
  x: -59.32129595360277
  y: 77.5
  z: 429.69662623752197
  yaw: -31.101547
  pitch: 66.11514
