timestamps:
  login: 1336993358248
  lastteleport: 1336993408196
  logout: 1336993418782
ipAddress: 190.138.171.194
lastlocation:
  world: world
  x: 736.9229159309725
  y: 54.0
  z: -983.6414790067313
  yaw: -0.44997635
  pitch: 2.1000085
