timestamps:
  login: 1334510996427
  lastteleport: 1334511064266
  logout: 1334511456851
ipAddress: 92.25.95.150
lastlocation:
  world: world
  x: 1488.872614785466
  y: 70.0
  z: 194.94450987628153
  yaw: -176.12802
  pitch: -10.206571
money: 0.0
ban:
  reason: Stealing
