timestamps:
  login: 1340584396313
  logout: 1340589117635
  lastteleport: 1340588077103
ipAddress: 173.212.14.41
lastlocation:
  world: world
  x: 2802.1476723052297
  y: 133.5
  z: 1226.4025924074372
  yaw: 117.8739
  pitch: 26.640755
