timestamps:
  login: 1340158032444
  logout: 1340158246586
ipAddress: 96.245.96.213
lastlocation:
  world: world
  x: -44.85256560942804
  y: 77.0
  z: 426.48646630769844
  yaw: -2.550014
  pitch: 34.95001
