timestamps:
  login: 1340046615371
  logout: 1340046628187
ipAddress: 188.222.52.196
lastlocation:
  world: world
  x: -25.575814219321412
  y: 74.0
  z: 442.084818886244
  yaw: -116.9913
  pitch: 1.48945
