timestamps:
  login: 1333941948591
  lastteleport: 1333941969277
  logout: 1333941975078
ipAddress: 67.168.0.243
lastlocation:
  world: world
  x: 375.2697578489326
  y: 89.0
  z: 982.4292320608894
  yaw: -194.27104
  pitch: 38.099964
