timestamps:
  login: 1334178588505
  lastteleport: 1334179424898
  logout: 1334179780583
ipAddress: 75.111.27.91
lastlocation:
  world: world
  x: 403.274294276053
  y: 68.0
  z: 186.6264745385772
  yaw: -136.52243
  pitch: -0.90026575
