timestamps:
  login: 1335045994901
  lastteleport: 1334885362903
  logout: 1335045999880
ipAddress: 71.17.87.64
lastlocation:
  world: world
  x: 1531.154394314567
  y: 71.0
  z: -176.1462449698995
  yaw: -72.93183
  pitch: 17.043453
money: 299.0
