timestamps:
  login: 1335554873304
  lastteleport: 1335554554683
  logout: 1335554944074
ipAddress: 109.189.141.221
lastlocation:
  world: world
  x: 3861.8592595687383
  y: 66.0
  z: 327.8276880656692
  yaw: -211.87134
  pitch: -12.964963
