timestamps:
  login: 1334000253398
  lastteleport: 1334000836082
  logout: 1334000905568
ipAddress: 95.223.67.4
lastlocation:
  world: world
  x: 400.3096173034028
  y: 62.0
  z: 124.8535545380457
  yaw: 15.427586
  pitch: -13.500275
money: 0.0
