timestamps:
  login: 1336696898679
  lastteleport: 1336697036051
  logout: 1336697187313
ipAddress: 76.91.64.125
lastlocation:
  world: world
  x: 780.3000000119209
  y: 81.5397848063356
  z: -1178.300000011921
  yaw: -260.42175
  pitch: 79.682556
ban:
  reason: Stfu bitch
