timestamps:
  login: 1334075318745
  lastteleport: 1334075144052
  logout: 1334075391133
ipAddress: 46.253.163.151
lastlocation:
  world: world
  x: 403.2683379525838
  y: 68.0
  z: 183.02891005292872
  yaw: -180.47247
  pitch: 21.749731
