timestamps:
  login: 1336752132418
  logout: 1336752161449
  lastteleport: 1336752142950
ipAddress: 81.71.161.253
lastlocation:
  world: world
  x: 3890.0004642452723
  y: 66.0
  z: 365.69437194737
  yaw: 123.24559
  pitch: 17.700216
