timestamps:
  login: 1336735730605
  lastteleport: 1336737344181
  logout: 1336737409542
ipAddress: 24.125.68.141
lastlocation:
  world: world
  x: 633.1003735291243
  y: 109.0
  z: 3838.5423823811484
  yaw: -204.7748
  pitch: 31.764683
homes:
  home:
    world: world
    x: 3799.707283580015
    y: 63.0
    z: -2837.070396881629
    yaw: 270.6989
    pitch: 1.4441361
money: 215047.0
nickname: §1Messi§4Goal
