timestamps:
  login: 1335919190384
  lastteleport: 1335919593736
  logout: 1335921893222
ipAddress: 72.25.60.243
lastlocation:
  world: world
  x: 1898.1136170616203
  y: 61.0
  z: 3210.7930302122186
  yaw: 38.812622
  pitch: 16.050009
