timestamps:
  login: 1334002567995
  lastteleport: 1334002643246
  logout: 1334002644210
ipAddress: 124.186.181.70
lastlocation:
  world: world
  x: 397.6059828883148
  y: 67.0
  z: 117.53437451421226
  yaw: -168.62369
  pitch: 8.549977
