timestamps:
  login: 1340501130264
  logout: 1340501235968
ipAddress: 98.237.220.50
lastlocation:
  world: world
  x: -161.82986198369255
  y: 64.0
  z: 187.22496281699114
  yaw: -141.74998
  pitch: 37.349987
