timestamps:
  login: 1335988633372
  lastteleport: 1335988877883
  logout: 1335989026496
ipAddress: 2.217.153.65
lastlocation:
  world: world
  x: 3890.7730538319956
  y: 64.0
  z: 369.32086761587857
  yaw: 136.59544
  pitch: 20.100214
money: 0.0
