timestamps:
  login: 1338288363399
  logout: 1338288572244
ipAddress: 216.143.42.102
lastlocation:
  world: world
  x: -48.899062717268635
  y: 80.0
  z: 429.78675229516887
  yaw: 279.05188
  pitch: 16.900253
