timestamps:
  login: 1335894869602
  lastteleport: 1335895948050
  logout: 1335895988543
ipAddress: 84.28.61.158
lastlocation:
  world: world
  x: 645.6022778540113
  y: 53.0
  z: -1933.300000011921
  yaw: -263.8251
  pitch: 43.799973
