timestamps:
  login: 1336173387000
  lastteleport: 1336174970196
  logout: 1336175012837
ipAddress: 71.170.13.126
lastlocation:
  world: world
  x: 3892.1100952696875
  y: 64.0
  z: 371.22175281614835
  yaw: 123.39542
  pitch: 11.550216
money: 30.0
