timestamps:
  login: 1333982870289
  lastteleport: 1333978656293
  logout: 1333982996871
ipAddress: 95.148.26.225
lastlocation:
  world: world
  x: 375.6663520602536
  y: 65.0
  z: 934.0236499039052
  yaw: -176.29973
  pitch: 24.43058
