timestamps:
  login: 1335022438175
  lastteleport: 1335022511380
  logout: 1335022648794
ipAddress: 72.188.25.228
lastlocation:
  world: world
  x: 3107.37569177405
  y: 80.0
  z: 1416.0929370892557
  yaw: -359.3142
  pitch: 14.099986
money: 299.0
