timestamps:
  login: 1340049479605
  logout: 1340049486063
ipAddress: 71.91.3.179
lastlocation:
  world: world
  x: -45.5
  y: 77.0
  z: 426.5
  yaw: 0.4499817
  pitch: 52.050007
