timestamps:
  login: 1338674790294
  logout: 1338674822659
ipAddress: 71.122.32.210
lastlocation:
  world: world
  x: -40.36767294856102
  y: 99.0
  z: 505.7944200316577
  yaw: -146.94766
  pitch: 19.94999
