timestamps:
  login: 1338285558471
  logout: 1338285701578
ipAddress: 24.9.175.204
lastlocation:
  world: world
  x: -33.479132658450645
  y: 77.0
  z: 389.44050427849146
  yaw: 46.73001
  pitch: -43.673584
