timestamps:
  login: 1338834177361
  logout: 1338834226979
ipAddress: 174.48.58.44
lastlocation:
  world: world
  x: -54.358184770402644
  y: 74.0
  z: 423.0112784986507
  yaw: -71.29822
  pitch: 40.700176
