timestamps:
  login: 1334106822676
  logout: 1334106844836
  lastteleport: 1334029563400
ipAddress: 122.109.35.110
lastlocation:
  world: world
  x: 402.55588607449437
  y: 67.0
  z: 117.4786766627018
  yaw: 354.72632
  pitch: 8.099976
