timestamps:
  login: 1334609964928
  logout: 1334610393292
  lastteleport: 1334610330874
ipAddress: 24.57.67.59
lastlocation:
  world: world
  x: 3503.957145847926
  y: 105.0
  z: 1815.9863816574334
  yaw: 54.676266
  pitch: 21.820374
