timestamps:
  login: 1334081821170
  lastteleport: 1334081941723
  logout: 1334082008350
ipAddress: 95.171.203.221
lastlocation:
  world: world
  x: 389.07480315096876
  y: 64.0
  z: 166.61252148149097
  yaw: -139.22278
  pitch: 4.3497176
