timestamps:
  login: 1336672157901
  logout: 1336672196615
  lastteleport: 1336073567815
ipAddress: 92.9.62.248
lastlocation:
  world: world
  x: 3619.9437425794126
  y: 72.0
  z: -1047.5186246193225
  yaw: -16.986217
  pitch: -13.409006
money: 3110.0
