timestamps:
  login: 1335887781748
  lastteleport: 1335887824143
  logout: 1335887866988
ipAddress: 188.207.199.110
lastlocation:
  world: world
  x: 3858.066297359655
  y: 71.0
  z: 321.234217579209
  yaw: 212.16652
  pitch: 2.2825942
