timestamps:
  login: 1334458733676
  lastteleport: 1334458760917
  logout: 1334458838926
ipAddress: 173.55.36.96
lastlocation:
  world: world
  x: 1489.69392229919
  y: 70.0
  z: 192.84631118445344
  yaw: 164.972
  pitch: 18.59343
