timestamps:
  login: 1335704570963
  logout: 1335705312157
  lastteleport: 1335705215166
ipAddress: 89.242.94.153
lastlocation:
  world: world
  x: 3862.4691828850882
  y: 66.17675927506424
  z: 328.16719351146236
  yaw: 136.59547
  pitch: 12.100787
