timestamps:
  login: 1334637236519
  lastteleport: 1334427427956
  logout: 1334637667404
ipAddress: 84.248.255.241
lastlocation:
  world: world
  x: 406.82306625359627
  y: 60.0
  z: 190.3956659260961
  yaw: -191.71268
  pitch: -10.364996
