timestamps:
  login: 1339992928858
  logout: 1339992958610
ipAddress: 72.131.41.235
lastlocation:
  world: world
  x: -18.032638967915254
  y: 74.0
  z: 400.9644137603728
  yaw: 56.85012
  pitch: -12.299983
