timestamps:
  login: 1340780417920
  logout: 1340780541771
ipAddress: 96.60.209.116
lastlocation:
  world: world
  x: -49.92500001192093
  y: 84.0
  z: 428.8070729511381
  yaw: 258.55127
  pitch: 58.965157
