timestamps:
  login: 1333996858521
  lastteleport: 1333988564914
  logout: 1333996881028
ipAddress: 69.140.239.105
lastlocation:
  world: world
  x: 393.461895670823
  y: 65.0
  z: 144.07499998807907
  yaw: -11.122322
  pitch: 15.899736
