timestamps:
  login: 1335476909656
  logout: 1335477958272
  lastteleport: 1335477955016
ipAddress: 151.213.48.172
lastlocation:
  world: world
  x: 4815.376688323034
  y: 73.0
  z: 59.40850527549428
  yaw: 199.44165
  pitch: 16.16905
homes:
  home:
    world: world
    x: 2480.958633295824
    y: 50.0
    z: -80.87064573350875
    yaw: 231.4223
    pitch: 65.551094
ban:
  reason: Griefer
money: 480.0
