timestamps:
  login: 1334067473165
  logout: 1334067511133
  lastteleport: 1333927058528
ipAddress: 80.213.249.216
lastlocation:
  world: world
  x: 375.6618903431431
  y: 65.0
  z: 935.1297364827476
  yaw: -176.57101
  pitch: 27.299963
