timestamps:
  login: 1337277514003
  lastteleport: 1337277903987
  logout: 1337277969615
ipAddress: 121.203.72.36
lastlocation:
  world: world
  x: -45.04080057093531
  y: 74.5
  z: 435.7350473848122
  yaw: -5.4001493
  pitch: 4.6499524
money: 30.0
