timestamps:
  login: 1336131179698
  lastteleport: 1336131228618
  logout: 1336131633143
ipAddress: 218.212.241.31
lastlocation:
  world: world
  x: 670.0578528033227
  y: 63.0
  z: -1893.4722765985218
  yaw: 98.574486
  pitch: 31.050001
