timestamps:
  login: 1335888074548
  lastteleport: 1335888386129
  logout: 1335888631938
  mute: 1335889554492
ipAddress: 120.146.164.58
lastlocation:
  world: world
  x: 3884.0589712662922
  y: 64.0
  z: 363.38659242026506
  yaw: 137.34541
  pitch: 8.850217
muted: true
