timestamps:
  login: 1334007299713
  lastteleport: 1334007368854
  logout: 1334007565167
ipAddress: 89.101.9.91
lastlocation:
  world: world
  x: 403.3378808867356
  y: 68.0
  z: 176.60265521786724
  yaw: -180.77248
  pitch: -0.300268
