timestamps:
  login: 1334888192919
  lastteleport: 1334888839530
  logout: 1334891014017
ipAddress: 67.5.138.111
lastlocation:
  world: world
  x: 1339.3105612720205
  y: 60.0
  z: -288.30000001192093
  yaw: 179.50842
  pitch: 19.298815
