timestamps:
  login: 1338663723554
  logout: 1338663934863
  lastteleport: 1338663905749
ipAddress: 60.242.113.214
lastlocation:
  world: world
  x: 1556.699999988079
  y: 71.0
  z: 53.30000001192093
  yaw: 103.78659
  pitch: 39.45
