timestamps:
  login: 1336004400935
  logout: 1336004518712
  lastteleport: 1336004415588
ipAddress: 98.148.214.6
lastlocation:
  world: world
  x: 3880.0604394766697
  y: 64.0
  z: 349.8579125534082
  yaw: 152.7955
  pitch: 21.900238
