timestamps:
  login: 1338344152759
  logout: 1338344293139
  lastteleport: 1338344181457
ipAddress: 85.11.238.14
lastlocation:
  world: world
  x: -158.69999998807904
  y: 30.0
  z: 349.9195082749076
  yaw: -269.49817
  pitch: 16.150284
