timestamps:
  login: 1336807135033
  mute: 0
  lastteleport: 1336807180432
  logout: 1336807783186
ipAddress: 50.71.65.240
lastlocation:
  world: world
  x: 3873.3206334130905
  y: 64.0
  z: 341.2023483611415
  yaw: 145.59558
  pitch: 7.9502177
muted: true
ban:
  reason: Ive had enough
