timestamps:
  login: 1338669345932
  logout: 1338669404051
ipAddress: 87.94.224.9
lastlocation:
  world: world
  x: -61.83956123539009
  y: 77.0
  z: 442.3653684251169
  yaw: 217.39288
  pitch: 1.8401127
