timestamps:
  login: 1336067350074
  lastteleport: 1336067430168
  logout: 1336067574007
ipAddress: 94.194.112.43
lastlocation:
  world: world
  x: 3859.0169893551756
  y: 71.0
  z: 321.3860089446768
  yaw: -199.20496
  pitch: 9.578107
