timestamps:
  login: 1340540145131
  lastteleport: 1340540439318
  logout: 1340540689657
ipAddress: 91.155.163.149
lastlocation:
  world: world
  x: -45.02614689134535
  y: 77.0
  z: 426.99641921100135
  yaw: 4.049982
  pitch: 64.95001
