timestamps:
  login: 1335468210626
  lastteleport: 1335462767913
  logout: 1335468963636
ipAddress: 90.210.246.180
lastlocation:
  world: world
  x: 757.8130177395763
  y: 73.0
  z: -1991.8678138491084
  yaw: 275.2739
  pitch: 19.500004
homes:
  home:
    world: world
    x: 623.2395755804239
    y: 14.0
    z: -2098.848155281531
    yaw: 256.46045
    pitch: 7.199814
ban:
  reason: Are you fucking retarded?
