timestamps:
  login: 1336322930272
  lastteleport: 1336322935119
  logout: 1336322931455
ipAddress: 98.207.37.50
lastlocation:
  world: world
  x: 3891.5
  y: 64.0
  z: 370.5
  yaw: 136.59544
  pitch: 20.100214
