timestamps:
  login: 1335211956929
  lastteleport: 1335211025191
  logout: 1335212071087
ipAddress: 68.55.248.47
lastlocation:
  world: world
  x: 765.328484859424
  y: 67.0
  z: -2016.3366413561425
  yaw: 80.574165
  pitch: 14.700032
money: 299.0
