timestamps:
  login: 1334916112543
  lastteleport: 1334915859477
  logout: 1334916214821
ipAddress: 60.241.223.228
lastlocation:
  world: world
  x: 1536.4590259609124
  y: 67.0
  z: -199.92804577348315
  yaw: 236.60724
  pitch: 52.943703
money: 299.0
