timestamps:
  login: 1338531269953
  lastteleport: 1338531302514
  logout: 1338531349104
ipAddress: 24.1.185.82
lastlocation:
  world: world_nether
  x: 259.25829362907314
  y: 128.0
  z: 150.90527039828598
  yaw: -337.39557
  pitch: 0.2886932
