timestamps:
  login: 1334690186993
  lastteleport: 1334690201568
  logout: 1334690206122
ipAddress: 87.102.71.101
lastlocation:
  world: world
  x: 403.5
  y: 63.09389019012451
  z: 196.5
  yaw: -168.32251
  pitch: 8.249728
