timestamps:
  login: 1334357073971
  logout: 1334002333573
  lastteleport: 1334001686434
ipAddress: 64.234.46.138
lastlocation:
  world: world
  x: 417.8496511127961
  y: 64.0
  z: 19.9009468852113
  yaw: 69.877365
  pitch: 15.900006
money: 140.0
