timestamps:
  login: 1334435604547
  logout: 1334435680866
  lastteleport: 1334435653691
ipAddress: 82.6.221.32
lastlocation:
  world: world
  x: 1489.528676858411
  y: 70.0
  z: 193.831901454557
  yaw: -42.328033
  pitch: 15.443433
money: 90.0
