timestamps:
  login: 1334498527362
  logout: 1334498634354
ipAddress: 68.193.151.163
lastlocation:
  world: world
  x: 1489.5
  y: 78.27372962235697
  z: 191.5
  yaw: -0.75
  pitch: -0.90000004
