timestamps:
  login: 1335930734584
  lastteleport: 1335930816820
  logout: 1335931135692
ipAddress: 69.162.215.193
lastlocation:
  world: world
  x: 3889.486277467975
  y: 64.0
  z: 367.5562711533572
  yaw: -234.35452
  pitch: 24.600197
