timestamps:
  login: 1341001484558
  lastteleport: 1341000851129
  logout: 1341002503054
ipAddress: 68.102.213.144
lastlocation:
  world: world_nether
  x: 258.30000001192093
  y: 55.0
  z: 137.69999998807907
  yaw: -86.86508
  pitch: 55.8
