timestamps:
  login: 1338672972006
  lastteleport: 1338338271520
  logout: 1338673104001
ipAddress: 109.58.145.10
lastlocation:
  world: world
  x: 147.30000001192093
  y: 57.0
  z: 678.3000000119209
  yaw: -109.44786
  pitch: 90.0
money: 298.0
homes:
  home:
    world: world
    x: 147.69999998807907
    y: 73.0
    z: 678.6999999880791
    yaw: -29.947874
    pitch: 71.20023
