timestamps:
  login: 1335555679041
  lastteleport: 1335559858874
  logout: 1335560534848
ipAddress: 24.89.196.121
lastlocation:
  world: world
  x: 3615.300000011921
  y: 65.0
  z: 365.69999998807907
  yaw: 224.20169
  pitch: 23.250017
