timestamps:
  login: 1337673374244
  logout: 1337673377687
  lastteleport: 1337231943676
ipAddress: 96.237.60.34
lastlocation:
  world: world
  x: -13.578240990034605
  y: 75.16610926093821
  z: 391.8028320976312
  yaw: -186.9001
  pitch: 17.69995
