timestamps:
  login: 1335721824775
  lastteleport: 1335724263423
  logout: 1335724659562
ipAddress: 71.173.72.67
lastlocation:
  world: world
  x: 3890.1418166291687
  y: 64.0
  z: 368.74087176053126
  yaw: 89.49539
  pitch: 12.750213
