timestamps:
  login: 1334102190020
  lastteleport: 1334102261463
  logout: 1334102404742
ipAddress: 24.201.43.202
lastlocation:
  world: world
  x: 215.47886470738376
  y: 66.0
  z: 698.7543262536477
  yaw: 92.979744
  pitch: 41.55003
money: 50.0
