timestamps:
  login: 1340681518588
  logout: 1340681934606
ipAddress: 98.248.188.159
lastlocation:
  world: world
  x: 2275.846486400248
  y: 118.0
  z: 1194.1867214580648
  yaw: -137.11531
  pitch: 87.600075
