timestamps:
  login: 1336889445110
  logout: 1336889453538
  lastteleport: 1336888205719
ipAddress: 74.104.13.117
lastlocation:
  world: world
  x: 5810.699999988079
  y: 62.0
  z: 8518.905770968118
  yaw: -103.14996
  pitch: 11.620837
homes:
  home:
    world: world
    x: 5817.600306060931
    y: 13.5
    z: 8525.704700086986
    yaw: 91.52792
    pitch: 37.8
