timestamps:
  login: 1340999752606
  lastteleport: 1340995091722
  logout: 1340999802569
ipAddress: 108.193.6.31
nickname: §4M§0i§4n§0k§4a
lastlocation:
  world: world
  x: 84.01789625792094
  y: 106.0
  z: -340.30000001192093
  yaw: 355.24713
  pitch: 22.649942
homes:
  home:
    world: world
    x: 61.78992824292154
    y: 104.0
    z: -303.35591335364535
    yaw: 13.39679
    pitch: 29.250034
