timestamps:
  login: 1338575562880
  logout: 1338575591808
ipAddress: 121.210.32.221
lastlocation:
  world: world
  x: -48.5
  y: 80.0
  z: 428.5
  yaw: 359.69998
  pitch: 2.0301342E-5
