timestamps:
  login: 1336662531320
  lastteleport: 1336662682919
  logout: 1336662936564
ipAddress: 217.122.239.43
lastlocation:
  world: world
  x: 852.0952989992849
  y: 63.5
  z: -1138.649428865712
  yaw: 153.59883
  pitch: 19.499992
