timestamps:
  login: 1335337958243
  logout: 1335338122319
  lastteleport: 1335338049822
ipAddress: 122.57.88.124
lastlocation:
  world: world
  x: 774.0021870307108
  y: 64.0
  z: -2054.699999988079
  yaw: -252.2766
  pitch: 13.050022
