timestamps:
  login: 1336169135618
  lastteleport: 1336169270164
  logout: 1336170721349
ipAddress: 70.57.105.218
lastlocation:
  world: world
  x: 3860.4439399625826
  y: 71.0
  z: 321.064912852819
  yaw: 179.64543
  pitch: -2.5497997
money: 200.0
