timestamps:
  login: 1333929520626
  lastteleport: 1333929645179
  logout: 1333929697418
ipAddress: 76.14.60.171
lastlocation:
  world: world
  x: 430.51074299509935
  y: 65.0
  z: 974.859617388017
  yaw: -316.67078
  pitch: 12.749922
