timestamps:
  login: 1336164865108
  logout: 1336165026349
  lastteleport: 1336164889511
ipAddress: 75.182.30.107
lastlocation:
  world: world
  x: 3912.9556378944076
  y: 87.0
  z: 238.783359751933
  yaw: 223.7395
  pitch: 18.818684
