timestamps:
  login: 1338642049942
  lastteleport: 1336038661509
  logout: 1338642055684
ipAddress: 60.240.65.150
lastlocation:
  world: world
  x: 4.8152552733585114
  y: 77.0
  z: 464.57499998807907
  yaw: -18.847225
  pitch: 1.450305
