timestamps:
  login: 1340927574936
  lastteleport: 1340723919385
  logout: 1340927680469
ipAddress: 108.238.153.43
lastlocation:
  world: world
  x: -45.30000001192093
  y: 66.0
  z: 765.6999999880791
  yaw: -56.252728
  pitch: 87.75
