timestamps:
  login: 1338092278288
  logout: 1338092465969
ipAddress: 83.243.246.147
lastlocation:
  world: world
  x: -47.468780749244644
  y: 86.5
  z: 416.57153686320436
  yaw: -0.84747314
  pitch: 14.249976
