timestamps:
  login: 1338522526160
  lastteleport: 1337822545512
  logout: 1338522556013
ipAddress: 99.251.234.157
lastlocation:
  world: world
  x: 323.91148932833545
  y: 73.0
  z: 119.55748079561441
  yaw: 101.124886
  pitch: 10.650004
