timestamps:
  login: 1334480938872
  lastteleport: 1334425638872
  logout: 1334481096997
ipAddress: 89.146.42.184
lastlocation:
  world: world
  x: 529.6999999880791
  y: 55.0
  z: -103.24062006464405
  yaw: -271.67285
  pitch: 20.399603
homes:
  home:
    world: world
    x: 568.3206859587493
    y: 54.0
    z: 858.7860350125861
    yaw: -268.8214
    pitch: 47.09991
