timestamps:
  login: 1340526457350
  lastteleport: 1340526513981
  logout: 1340526519138
ipAddress: 76.104.239.191
lastlocation:
  world: world
  x: -45.5
  y: 77.0
  z: 426.5
  yaw: 0.4499817
  pitch: 52.050007
