timestamps:
  login: 1334410563237
  lastteleport: 1334410668183
  logout: 1334410701543
ipAddress: 83.99.28.0
lastlocation:
  world: world
  x: 1885.300000011921
  y: 63.0
  z: 736.2964098638939
  yaw: -163.89038
  pitch: 1.3241955
