timestamps:
  login: 1340919845520
  logout: 1340919990470
  lastteleport: 1340915531772
ipAddress: 94.2.94.116
lastlocation:
  world: world
  x: 546.6583081104543
  y: 63.0
  z: 675.8862384800169
  yaw: -93.50518
  pitch: 5.2239056
