timestamps:
  login: 1340718559817
  logout: 1340718554605
ipAddress: 65.38.88.77
lastlocation:
  world: world
  x: -58.33735600310763
  y: 74.0
  z: 437.8070584163965
  yaw: -340.05
  pitch: 10.950013
