timestamps:
  login: 1335541112790
  lastteleport: 1335541136096
  logout: 1335541486973
ipAddress: 78.73.94.236
lastlocation:
  world: world
  x: 4390.330453255089
  y: 73.0
  z: 257.99536569887147
  yaw: -131.68048
  pitch: 37.985867
