timestamps:
  login: 1335990651143
  logout: 1335991106020
  lastteleport: 1335990909009
ipAddress: 66.33.234.13
lastlocation:
  world: world
  x: 3471.393295727725
  y: 84.0
  z: 1839.8511281535805
  yaw: -93.8624
  pitch: 2.474989
