timestamps:
  login: 1336077173063
  logout: 1336077711157
  lastteleport: 1336077620818
ipAddress: 71.84.51.76
lastlocation:
  world: world
  x: 3890.7792288992714
  y: 64.0
  z: 369.5294683510273
  yaw: 137.49542
  pitch: 21.300215
