timestamps:
  login: 1338273234155
  logout: 1338273281932
  lastteleport: 1338171732734
ipAddress: 67.220.33.14
lastlocation:
  world: world
  x: 659.2241795775323
  y: 73.0
  z: 283.2350604977274
  yaw: -86.451294
  pitch: 32.860817
