timestamps:
  login: 1333992351711
  lastteleport: 1333992624706
  logout: 1333992888484
ipAddress: 71.61.12.26
lastlocation:
  world: world
  x: 403.60111129985654
  y: 67.0
  z: 120.5066939704154
  yaw: -176.5722
  pitch: 12.149738
