timestamps:
  login: 1339967018930
  logout: 1339967117177
ipAddress: 69.161.2.83
lastlocation:
  world: world
  x: 162.99132854778037
  y: 64.0
  z: 265.36908853339526
  yaw: 1.2001343
  pitch: 17.550018
