timestamps:
  login: 1338650329095
  lastteleport: 1338650195089
  logout: 1338650434424
ipAddress: 67.124.201.10
lastlocation:
  world: world
  x: -9.703003119478122
  y: 28.0
  z: 189.96046094820548
  yaw: 341.69623
  pitch: 31.199968
