timestamps:
  login: 1334101739006
  logout: 1334102123749
  lastteleport: 1334101860857
ipAddress: 209.188.55.103
lastlocation:
  world: world
  x: 403.3493598139072
  y: 68.0
  z: 194.6850841891043
  yaw: -180.02248
  pitch: 20.549732
money: 90.0
