timestamps:
  login: 1339621064814
  logout: 1339621481974
ipAddress: 82.17.92.19
lastlocation:
  world: world
  x: -32.92474374427057
  y: 74.0
  z: 415.22304383047975
  yaw: 71.39844
  pitch: -11.550006
