timestamps:
  login: 1336504213341
  lastteleport: 1336505967645
ipAddress: 142.177.122.183
lastlocation:
  world: world
  x: 3859.6264240237756
  y: 71.0
  z: 320.82920100077666
  yaw: -175.71498
  pitch: 3.6102772
