timestamps:
  login: 1340606917940
  logout: 1340607020481
ipAddress: 86.176.214.123
lastlocation:
  world: world_nether
  x: 272.75998123660673
  y: 121.22072829350877
  z: 138.69999998807907
  yaw: 4.9086
  pitch: -90.0
