timestamps:
  login: 1336684506362
  lastteleport: 1336687400511
  logout: 1336687597803
ipAddress: 66.189.231.18
lastlocation:
  world: world
  x: 3500.69725643295
  y: 105.0
  z: 1818.8531921384363
  yaw: -353.48004
  pitch: 0.7365693
