timestamps:
  login: 1334411151060
  lastteleport: 1334411181462
  logout: 1334411828473
ipAddress: 74.167.13.98
lastlocation:
  world: world
  x: 403.79989716677
  y: 68.0
  z: 166.6941019541883
  yaw: -171.62248
  pitch: 40.19974
