timestamps:
  login: 1336620485068
  lastteleport: 1336620769204
  logout: 1336620925046
ipAddress: 98.246.141.210
lastlocation:
  world: world
  x: 4075.3221936748178
  y: 64.0
  z: 1678.8451348075025
  yaw: -35.23656
  pitch: 9.149982
