timestamps:
  login: 1335632492856
  lastteleport: 1335305266058
  logout: 1335633035690
ipAddress: 96.254.134.25
lastlocation:
  world: world
  x: 734.5850301321339
  y: 73.0
  z: -1990.5061464778262
  yaw: 263.57382
  pitch: 11.4000025
