timestamps:
  login: 1334691186965
  lastteleport: 1334691190986
  logout: 1334691191072
ipAddress: 76.65.5.215
lastlocation:
  world: world
  x: 1489.1580360137555
  y: 70.0
  z: 180.65762606708327
  yaw: -301.67792
  pitch: 1.4999837
