timestamps:
  login: 1335046826875
  lastteleport: 1335047288488
  logout: 1335047330569
ipAddress: 67.169.227.188
lastlocation:
  world: world
  x: 3055.850581552627
  y: 62.0
  z: 1476.2909129781465
  yaw: -177.04413
  pitch: 36.211273
