timestamps:
  login: 1337838831316
  lastteleport: 1337838926512
  logout: 1337839175667
ipAddress: 189.190.206.215
lastlocation:
  world: world
  x: -133.9484817911368
  y: 21.0
  z: 525.2499711692003
  yaw: 59.244415
  pitch: -90.0
