timestamps:
  login: 1334068104962
  lastteleport: 1334001292802
  logout: 1334068201133
ipAddress: 174.28.105.151
lastlocation:
  world: world
  x: 402.27721660752684
  y: 67.0
  z: 112.38518432148182
  yaw: -25.950945
  pitch: 9.858657
