timestamps:
  login: 1334000937699
  lastteleport: 1334002772606
  logout: 1334002968980
ipAddress: 67.2.221.177
lastlocation:
  world: world
  x: 402.23322605502176
  y: 68.0
  z: 187.40712708295578
  yaw: -181.97246
  pitch: -0.6002652
