timestamps:
  login: 1334097607448
  lastteleport: 1334097679230
  logout: 1334097751129
ipAddress: 24.186.198.103
lastlocation:
  world: world
  x: 403.75398412711996
  y: 64.0
  z: 157.8369681815264
  yaw: 173.3773
  pitch: 2.6997337
