timestamps:
  login: 1335309035780
  lastteleport: 1335309070215
  logout: 1335309172753
ipAddress: 98.154.151.47
lastlocation:
  world: world
  x: 737.1343916480433
  y: 73.0
  z: -1991.4353723033491
  yaw: 88.52377
  pitch: -0.5999971
