timestamps:
  login: 1340730777004
  logout: 1340730849605
ipAddress: 82.11.134.83
lastlocation:
  world: world
  x: -73.42273867160146
  y: 74.0
  z: 456.63965143589155
  yaw: 72.65708
  pitch: 1.9399087
