timestamps:
  login: 1335480237506
  logout: 1335480723645
  lastteleport: 1335480718058
ipAddress: 68.147.106.102
lastlocation:
  world: world
  x: 47.92765658665816
  y: 27.0
  z: 148.69999998807907
  yaw: 234.00014
  pitch: 24.899965
