timestamps:
  login: 1338360172713
  logout: 1338360226218
ipAddress: 96.249.17.123
lastlocation:
  world: world
  x: -142.69999998807907
  y: 4.0
  z: 728.4228510016341
  yaw: 209.71194
  pitch: 52.731308
