timestamps:
  login: 1340249779338
  lastteleport: 1340070391679
  logout: 1340249782877
ipAddress: 24.127.0.114
lastlocation:
  world: world
  x: 1149.2441392865599
  y: 64.0
  z: 469.90029270789626
  yaw: 40.312187
  pitch: -2.4000504
ban:
  reason: ''
