timestamps:
  login: 1338534439423
  lastteleport: 1338534692595
  logout: 1338534726915
ipAddress: 173.68.158.64
lastlocation:
  world: world
  x: 2854.925000011921
  y: 73.0
  z: 3043.472649316905
  yaw: -345.26907
  pitch: 48.75004
