timestamps:
  login: 1340298029244
  logout: 1340298119590
ipAddress: 67.119.195.157
lastlocation:
  world: world
  x: -75.01932296000858
  y: 74.0
  z: 398.73146402619085
  yaw: -185.78755
  pitch: 13.340003
