timestamps:
  login: 1340780299937
  logout: 1340780353894
ipAddress: 143.238.66.225
lastlocation:
  world: world
  x: -45.00022813984804
  y: 74.0
  z: 444.69999998807907
  yaw: -184.29907
  pitch: 82.69989
