timestamps:
  login: 1340735467577
  logout: 1340735554604
  lastteleport: 1340735475639
ipAddress: 76.71.52.135
lastlocation:
  world: world
  x: 2367.8332171853035
  y: 63.0
  z: 1242.345087630571
  yaw: -209.41536
  pitch: -13.950031
