timestamps:
  login: 1335555611741
  lastteleport: 1335555953838
  logout: 1335556025408
ipAddress: 96.252.122.23
lastlocation:
  world: world
  x: 4024.949894460624
  y: 67.0
  z: 333.2852365189233
  yaw: -253.8545
  pitch: 22.349976
