timestamps:
  login: 1340779849779
  logout: 1340780461771
ipAddress: 143.238.66.225
lastlocation:
  world: world
  x: -44.427692572370084
  y: 77.0
  z: 425.2875173059886
  yaw: -343.0509
  pitch: 4.2000327
