timestamps:
  login: 1336172895798
  logout: 1336174267887
  lastteleport: 1336174210654
ipAddress: 99.189.197.120
lastlocation:
  world: world
  x: 2529.6343631947443
  y: 64.0
  z: 1404.300000011921
  yaw: 34.29784
  pitch: 7.159847
money: 2735.0
homes:
  home:
    world: world
    x: 3326.941481478027
    y: 14.0
    z: 1997.2277738281357
    yaw: -312.51672
    pitch: 14.877432
ban:
  reason: for hscks 3 days
