timestamps:
  login: 1339998406200
  logout: 1339998413610
ipAddress: 99.253.28.53
lastlocation:
  world: world
  x: -40.06572833436962
  y: 76.0
  z: 427.1070370237014
  yaw: -21.000034
  pitch: 25.499996
