timestamps:
  login: 1337834920104
  lastteleport: 1337572351257
  logout: 1337834935257
ipAddress: 70.27.52.96
lastlocation:
  world: world
  x: -194.65615867366446
  y: 21.0
  z: 489.9919998600601
  yaw: 316.65027
  pitch: 9.600007
