timestamps:
  login: 1336170602958
  lastteleport: 1336170615909
  logout: 1336170641349
ipAddress: 70.122.255.32
lastlocation:
  world: world
  x: 3879.9695605775614
  y: 64.0
  z: 354.6343666656644
  yaw: -199.10455
  pitch: 21.000212
