timestamps:
  login: 1336074540967
  lastteleport: 1336074634997
  logout: 1336074704057
ipAddress: 76.90.20.100
lastlocation:
  world: world
  x: 3891.508474926667
  y: 64.0
  z: 370.32513056988256
  yaw: 136.59544
  pitch: 20.100214
