timestamps:
  login: 1339989055860
  lastteleport: 1339985011705
  logout: 1339989108610
ipAddress: 65.9.105.105
lastlocation:
  world: world
  x: 1164.976225862061
  y: 64.0
  z: 483.5607169874187
  yaw: 10.770691
  pitch: 31.050005
