timestamps:
  login: 1335990650291
  lastteleport: 1335990762296
  logout: 1335991116019
ipAddress: 174.60.133.34
lastlocation:
  world: world
  x: 3858.7432770791793
  y: 71.0
  z: 320.44790356218374
  yaw: 231.97772
  pitch: -2.0900123
