timestamps:
  login: 1334783609614
  lastteleport: 1334620187973
  logout: 1334783619062
ipAddress: 75.143.156.56
lastlocation:
  world: world
  x: 1501.8885124314995
  y: 70.0
  z: 176.88607276192715
  yaw: 293.22174
  pitch: 4.650005
