timestamps:
  login: 1334020529695
  lastteleport: 1334021588199
  logout: 1334021815435
ipAddress: 108.222.113.125
lastlocation:
  world: world
  x: 183.7226072856973
  y: 69.0
  z: -67.9118925599182
  yaw: 171.42725
  pitch: 15.449999
