timestamps:
  login: 1336508001698
  lastteleport: 1336508345991
  logout: 1336508747383
ipAddress: 24.115.161.113
lastlocation:
  world: world
  x: 3857.73152218178
  y: 71.0
  z: 321.8071634240963
  yaw: 183.5456
  pitch: -0.44977406
