timestamps:
  login: 1340051151385
  logout: 1340051272548
ipAddress: 69.244.162.32
lastlocation:
  world: world
  x: -48.611427845919074
  y: 74.0
  z: 402.0300532449483
  yaw: 327.14978
  pitch: 12.900015
ban:
  reason: ''
