timestamps:
  login: 1335323794554
  lastteleport: 1335279103394
  logout: 1335323797279
ipAddress: 124.171.74.89
lastlocation:
  world: world
  x: 771.8698008242056
  y: 67.0
  z: -2037.5557537779882
  yaw: 320.06723
  pitch: 23.97921
money: 299.0
