timestamps:
  login: 1335401068645
  lastteleport: 1335401617192
  logout: 1335401665983
ipAddress: 72.45.15.127
lastlocation:
  world: world
  x: 763.4990359369135
  y: 67.0
  z: -2018.794938594002
  yaw: 106.82377
  pitch: 19.5
