timestamps:
  login: 1340473946413
  logout: 1340474054652
ipAddress: 86.132.186.232
lastlocation:
  world: world
  x: 14.659106112784107
  y: 75.7531999805212
  z: 386.7901995552802
  yaw: 256.49973
  pitch: 18.149998
