timestamps:
  login: 1334189084214
  lastteleport: 1334189284621
  logout: 1334190083842
ipAddress: 173.202.205.174
lastlocation:
  world: world
  x: 403.11151123039986
  y: 68.0
  z: 167.68248104922517
  yaw: -166.099
  pitch: 17.797163
money: 290.0
