timestamps:
  login: 1340032411558
  logout: 1340032425711
ipAddress: 94.7.52.114
lastlocation:
  world: world
  x: -46.106262189250025
  y: 77.0
  z: 425.606934111914
  yaw: -19.500015
  pitch: 22.350002
