timestamps:
  login: 1338276701150
  logout: 1338276920758
ipAddress: 96.30.138.235
lastlocation:
  world: world
  x: -49.181835445042594
  y: 80.0
  z: 428.8539593068008
  yaw: -80.34813
  pitch: 20.95025
