timestamps:
  login: 1335730337259
  lastteleport: 1335730393930
  logout: 1335730496269
ipAddress: 71.229.189.8
lastlocation:
  world: world
  x: 3860.699999988079
  y: 71.0
  z: 320.89666709269324
  yaw: 173.64525
  pitch: 13.800007
