timestamps:
  login: 1335549789357
  logout: 1335549847003
  lastteleport: 1335549830657
ipAddress: 81.231.243.55
lastlocation:
  world: world
  x: 3886.2193282935355
  y: 87.0
  z: 257.2741440617417
  yaw: -43.856323
  pitch: 17.85002
