timestamps:
  login: 1335906893836
  lastteleport: 1335277202562
  logout: 1335906896252
ipAddress: 71.227.1.129
lastlocation:
  world: world
  x: 765.6814731483297
  y: 67.0
  z: -2014.812171103876
  yaw: 161.12366
  pitch: 12.000014
