timestamps:
  login: 1337424340027
  lastteleport: 1337425431278
  logout: 1337425452951
ipAddress: 71.58.30.101
lastlocation:
  world: world
  x: 308.8150386373434
  y: 68.49520087700593
  z: 714.7918753824497
  yaw: -96.60027
  pitch: 36.59998
