timestamps:
  login: 1334925303566
  lastteleport: 1334765049633
  logout: 1334925742013
ipAddress: 46.109.207.171
lastlocation:
  world: world
  x: 1501.7160890172884
  y: 85.24918707874468
  z: -188.40383923760487
  yaw: -303.96176
  pitch: 90.0
