timestamps:
  login: 1336347256191
  logout: 1336347629910
  lastteleport: 1335724772726
ipAddress: 65.128.161.42
lastlocation:
  world: world
  x: 3858.871320376169
  y: 71.0
  z: 321.01908271803063
  yaw: 232.89536
  pitch: 5.1002254
