timestamps:
  login: 1334270436396
  lastteleport: 1333971290435
  logout: 1334270606025
ipAddress: 71.169.108.89
lastlocation:
  world: world
  x: 375.19108256009883
  y: 65.0
  z: 936.4942478839098
  yaw: 189.2793
  pitch: 22.35002
