timestamps:
  login: 1335281862756
  lastteleport: 1335282076994
  logout: 1335282277883
ipAddress: 85.226.183.70
lastlocation:
  world: world
  x: 760.2484445656851
  y: 71.5
  z: -1990.2519732335388
  yaw: 203.87364
  pitch: 23.550003
money: 299.0
