timestamps:
  login: 1338425954141
  lastteleport: 1335620689372
  logout: 1338425958686
ipAddress: 82.2.61.33
lastlocation:
  world: world
  x: -106.30000001192093
  y: 77.0
  z: 474.14765153079395
  yaw: 93.800995
  pitch: 1.9499974
