timestamps:
  login: 1338151391909
  mute: 0
  logout: 1338151747674
ipAddress: 60.225.85.235
lastlocation:
  world: world
  x: -420.0707392187373
  y: 64.0
  z: 271.0105327200243
  yaw: 3.271576
  pitch: 14.686248
muted: true
