timestamps:
  login: 1336743193875
  lastteleport: 1336743390448
  logout: 1336743393440
ipAddress: 213.184.217.253
lastlocation:
  world: world
  x: 783.8838792472621
  y: 64.0
  z: -1130.6614619607074
  yaw: 162.59589
  pitch: 13.349976
