timestamps:
  login: 1335043569452
  logout: 1335043584427
  lastteleport: 1335043165306
ipAddress: 121.208.197.14
lastlocation:
  world: world
  x: 3107.9776756790543
  y: 80.0
  z: 1417.3892446123948
  yaw: -352.114
  pitch: 36.59996
