timestamps:
  login: 1334074646998
  logout: 1334075041183
  lastteleport: 1334074930566
ipAddress: 90.212.32.27
lastlocation:
  world: world
  x: 375.107075281707
  y: 65.0
  z: 931.2338883228565
  yaw: -176.57068
  pitch: 26.550058
money: 80.0
