timestamps:
  login: 1340681458789
  logout: 1340681794655
ipAddress: 66.190.177.138
lastlocation:
  world: world
  x: 2274.0928709187165
  y: 63.0
  z: 1231.452277616169
  yaw: -359.11465
  pitch: 9.750029
