timestamps:
  login: 1335124953751
  lastteleport: 1335125151099
  logout: 1335125391526
ipAddress: 174.28.111.70
lastlocation:
  world: world
  x: 3187.1634749618997
  y: 74.0
  z: 562.102812344688
  yaw: 168.56543
  pitch: 3.600009
money: 200.0
