timestamps:
  login: 1336430408595
  lastteleport: 1336347023949
  logout: 1336430495925
ipAddress: 70.178.203.156
lastlocation:
  world: world
  x: 3858.3160524531663
  y: 70.0
  z: 322.4556855153541
  yaw: 252.12439
  pitch: -23.910736
