timestamps:
  login: 1340735424131
  lastteleport: 1340577121635
  logout: 1340735564605
ipAddress: 108.87.117.198
lastlocation:
  world: world
  x: -48.93125337860942
  y: 76.0
  z: 431.17225058163876
  yaw: 44.99738
  pitch: 20.999968
