timestamps:
  login: 1334899767494
  lastteleport: 1334644508891
  logout: 1334899774823
ipAddress: 76.103.24.16
lastlocation:
  world: world
  x: 1501.4352562216693
  y: 70.0
  z: 178.82187413432132
  yaw: 262.92212
  pitch: 0.8934297
