timestamps:
  login: 1338349196227
  lastteleport: 1335637010864
  logout: 1338349408139
ipAddress: 90.208.133.5
lastlocation:
  world: world
  x: -27.69999998807907
  y: 78.0
  z: 460.69999998807907
  yaw: 49.101788
  pitch: 22.900251
money: 4.0
