timestamps:
  login: 1335207982070
  lastteleport: 1335208067053
  logout: 1335208111234
ipAddress: 99.42.114.52
lastlocation:
  world: world
  x: 792.4019507193842
  y: 67.0
  z: -1996.8717567040771
  yaw: 259.67477
  pitch: 4.350042
