timestamps:
  login: 1333990030340
  lastteleport: 1333990079204
  logout: 1333990194376
ipAddress: 85.230.173.252
lastlocation:
  world: world
  x: 404.0008754384667
  y: 64.0
  z: 138.88267478357056
  yaw: 20.377722
  pitch: 10.049768
