timestamps:
  login: 1338578522200
  logout: 1338578746808
ipAddress: 94.174.41.12
lastlocation:
  world: world
  x: -106.58697356162072
  y: 38.0
  z: 536.1463171527053
  yaw: 9.878601
  pitch: 26.908222
