timestamps:
  login: 1334360583345
  lastteleport: 1333937350263
  logout: 1334360650758
ipAddress: 70.70.161.179
lastlocation:
  world: world
  x: 376.0436586088667
  y: 65.0
  z: 1022.8906128436404
  yaw: 359.82895
  pitch: 6.1499825
