timestamps:
  login: 1334144174506
  lastteleport: 1334067634456
  logout: 1334144506281
ipAddress: 88.112.13.180
lastlocation:
  world: world
  x: 403.183044897527
  y: 68.0
  z: 167.56712541089564
  yaw: -198.7722
  pitch: 20.099722
