timestamps:
  login: 1334764840296
  lastteleport: 1334765448537
  logout: 1334765666922
  jail: 0
ipAddress: 87.208.129.139
lastlocation:
  world: world
  x: 1503.5
  y: 97.62000000476837
  z: -182.5
  yaw: 0.0
  pitch: 0.0
homes:
  home:
    world: world
    x: 4419.758136845066
    y: 63.0
    z: 471.31023182766046
    yaw: -44.23282
    pitch: 25.349852
jailed: false
ban:
  reason: Griefing.
