timestamps:
  login: 1335904033534
  logout: 1335904094044
  lastteleport: 1335904053429
ipAddress: 71.30.194.162
lastlocation:
  world: world
  x: 3827.1651606379105
  y: 90.0
  z: 342.5978068313278
  yaw: -201.35458
  pitch: 18.30021
