timestamps:
  login: 1335103572074
  logout: 1335103670064
  lastteleport: 1335103597685
ipAddress: 173.74.123.102
lastlocation:
  world: world
  x: 3099.7326713582224
  y: 75.0
  z: 804.325958395939
  yaw: -270.03955
  pitch: 72.565895
