timestamps:
  login: 1340918338244
  logout: 1340918405498
ipAddress: 84.209.7.113
lastlocation:
  world: world
  x: -46.17849417156071
  y: 76.0
  z: 421.8893296049982
  yaw: -81.627075
  pitch: 90.0
