timestamps:
  login: 1336046026157
  lastteleport: 1336045994557
  logout: 1336046027804
ipAddress: 173.31.78.3
lastlocation:
  world: world
  x: 3891.7872894171005
  y: 64.0
  z: 369.5250242503519
  yaw: -117.05453
  pitch: 4.500208
