timestamps:
  login: 1334622214785
  lastteleport: 1334409278151
  logout: 1334622260694
ipAddress: 99.255.20.40
lastlocation:
  world: world
  x: 1490.5
  y: 81.62000000476837
  z: 185.5
  yaw: 0.08872685
  pitch: 0.0
money: 30.0
