timestamps:
  login: 1335254344458
  lastteleport: 1335254381857
  logout: 1335254423052
ipAddress: 124.183.126.207
lastlocation:
  world: world
  x: 765.2521156364696
  y: 67.0
  z: -2001.160777358245
  yaw: 179.58585
  pitch: 4.1628017
