timestamps:
  login: 1336900676153
  lastteleport: 1336190398450
  logout: 1336900716566
ipAddress: 174.7.77.134
lastlocation:
  world: world
  x: 3939.754128487903
  y: 90.7531999805212
  z: 283.69999998807907
  yaw: 0.69403076
  pitch: -9.900018
