timestamps:
  login: 1334003004765
  lastteleport: 1334003400482
  logout: 1334003567863
ipAddress: 24.78.239.108
lastlocation:
  world: world
  x: 404.5365524327072
  y: 64.0
  z: 155.29548628591942
  yaw: -277.21054
  pitch: 7.997296
