timestamps:
  login: 1333937564562
  lastteleport: 1333937738762
  logout: 1333937763405
ipAddress: 173.73.26.51
lastlocation:
  world: world
  x: 375.49868138000204
  y: 65.0
  z: 935.390110513345
  yaw: 185.7489
  pitch: 20.810741
