timestamps:
  login: 1335968352243
  lastteleport: 1335968722728
  logout: 1335968921871
ipAddress: 70.90.143.154
lastlocation:
  world: world
  x: 3825.672479557334
  y: 63.0
  z: 154.55019031784963
  yaw: 196.89597
  pitch: 22.949984
money: 80.0
