timestamps:
  login: 1333983619298
  lastteleport: 1333983661248
  logout: 1333983698483
ipAddress: 85.165.10.55
lastlocation:
  world: world
  x: 378.9033282095345
  y: 89.5
  z: 981.6729306232983
  yaw: -117.170975
  pitch: 27.0
