timestamps:
  login: 1336234693858
  lastteleport: 1336234816304
  logout: 1336235040344
ipAddress: 74.96.182.219
lastlocation:
  world: world
  x: 3860.5416042523943
  y: 71.0
  z: 320.86859501478017
  yaw: 174.69568
  pitch: 0.90021765
