timestamps:
  login: 1336171960607
  lastteleport: 1336171983556
  logout: 1336172552837
ipAddress: 122.108.63.168
lastlocation:
  world: world
  x: 3890.6453728769943
  y: 64.0
  z: 369.1819712991779
  yaw: 13.125637
  pitch: 27.558132
