timestamps:
  login: 1338546964830
  lastteleport: 1336198254357
  logout: 1338547024101
ipAddress: 75.161.3.66
lastlocation:
  world: world_nether
  x: 239.51870432876504
  y: 135.0
  z: 148.2355792918463
  yaw: 242.47363
  pitch: -10.997273
