timestamps:
  login: 1333988100020
  lastteleport: 1333989595930
ipAddress: 24.229.231.220
lastlocation:
  world: world
  x: 404.0624598295026
  y: 68.0
  z: 185.90573823003933
  yaw: -359.2725
  pitch: 9.299728
