timestamps:
  login: 1340674965226
  lastteleport: 1340675102731
  logout: 1340675177831
ipAddress: 72.193.175.158
lastlocation:
  world: world
  x: 24.38449091735897
  y: 74.0
  z: 426.60266077655814
  yaw: -107.0662
  pitch: 89.80416
