timestamps:
  login: 1335732761288
  lastteleport: 1335733168585
  logout: 1335734136319
ipAddress: 98.178.220.136
lastlocation:
  world: world
  x: 3723.183954767001
  y: 67.0
  z: 269.52919409450175
  yaw: 313.9497
  pitch: 7.4795957
