timestamps:
  login: 1333925974302
  lastteleport: 1333926006170
ipAddress: 99.179.76.166
lastlocation:
  world: world
  x: 376.62734705243076
  y: 82.0
  z: 982.6785187727902
  yaw: -189.32095
  pitch: 33.600002
