timestamps:
  login: 1335887995553
  lastteleport: 1335888058445
  logout: 1335888091988
ipAddress: 86.166.150.251
lastlocation:
  world: world
  x: 3898.4757541867816
  y: 82.0
  z: 295.30000001192093
  yaw: -170.90436
  pitch: -5.2497916
