timestamps:
  login: 1340213298294
  lastteleport: 1339999607199
  logout: 1340213314045
ipAddress: 121.216.224.222
lastlocation:
  world: world
  x: -46.725942440701175
  y: 77.0
  z: 425.866683332014
  yaw: -23.319637
  pitch: 35.39999
