timestamps:
  login: 1338263864254
  lastteleport: 1335713558475
  logout: 1338263887855
ipAddress: 24.2.61.80
lastlocation:
  world: world
  x: -50.945632798298305
  y: 80.0
  z: 429.40639480860483
  yaw: -92.19803
  pitch: 29.950224
money: 600.0
