timestamps:
  login: 1338274141652
  logout: 1338274150808
  lastteleport: 1338270012458
ipAddress: 99.38.132.244
lastlocation:
  world: world
  x: 1594.3004817431743
  y: 63.06664299607945
  z: 170.41989420802184
  yaw: 53.633446
  pitch: 27.430391
