timestamps:
  login: 1336755869646
  lastteleport: 1336756768706
  logout: 1336756829347
ipAddress: 94.13.179.57
lastlocation:
  world: world
  x: 4776.59532682879
  y: 57.39999549967843
  z: -756.6553300132883
  yaw: 23.712957
  pitch: -24.110268
