timestamps:
  login: 1336166748407
  logout: 1336167216400
  lastteleport: 1336166835349
ipAddress: 174.45.255.145
lastlocation:
  world: world
  x: 3875.621691417771
  y: 64.0
  z: 346.41520692288174
  yaw: 150.99548
  pitch: -2.849785
