timestamps:
  login: 1333999355068
  lastteleport: 1334001724031
  logout: 1334001918116
ipAddress: 66.67.45.94
lastlocation:
  world: world
  x: 401.92500001192093
  y: 68.0
  z: 192.1333658623259
  yaw: -116.72249
  pitch: 16.799732
