timestamps:
  login: 1335209146407
  lastteleport: 1335209300021
  logout: 1334514814586
ipAddress: 173.237.100.60
lastlocation:
  world: world
  x: 1841.7760583654124
  y: 63.0
  z: -660.6487017172796
  yaw: 70.14392
  pitch: 6.724608
