timestamps:
  login: 1341028390110
  logout: 1341028425176
ipAddress: 67.216.11.203
lastlocation:
  world: world
  x: 26.31725053947126
  y: 74.0
  z: 498.4334281193478
  yaw: -45.000027
  pitch: 34.35001
