timestamps:
  login: 1338594844647
  lastteleport: 1338595011346
  logout: 1338595035566
ipAddress: 99.107.73.136
lastlocation:
  world: world
  x: -32.425566257815845
  y: 77.0
  z: 446.69286934100177
  yaw: 320.89377
  pitch: -5.087389
