timestamps:
  login: 1335736581952
  lastteleport: 1335736660209
  logout: 1335736696639
ipAddress: 58.166.26.119
lastlocation:
  world: world
  x: 3858.9302209410685
  y: 71.0
  z: 320.8200969673401
  yaw: 183.24548
  pitch: 1.2002251
