timestamps:
  login: 1336898393531
  lastteleport: 1336688556560
  logout: 1336898412767
ipAddress: 24.189.90.24
lastlocation:
  world: world
  x: 823.1432474580763
  y: 63.0
  z: -1141.8741006197604
  yaw: -80.71252
  pitch: 27.095467
