timestamps:
  login: 1340582774136
  logout: 1340582782635
ipAddress: 24.138.5.45
lastlocation:
  world: world
  x: 100.8741614331796
  y: 74.0
  z: 572.5073881158761
  yaw: 135.51976
  pitch: 10.954618
