timestamps:
  login: 1335052824436
  lastteleport: 1335053048376
  logout: 1335053083897
ipAddress: 70.14.220.6
lastlocation:
  world: world
  x: 3105.9807411345964
  y: 80.0
  z: 1415.2266295394625
  yaw: -21.51432
  pitch: 14.549953
