timestamps:
  login: 1336645333563
  lastteleport: 1336475117678
  logout: 1336645336259
ipAddress: 71.57.200.179
lastlocation:
  world: world
  x: 2531.2019646575245
  y: 80.0
  z: 1430.3248920524077
  yaw: 184.96411
  pitch: 8.484016
