timestamps:
  login: 1336613886549
  lastteleport: 1336613427406
  logout: 1336613944042
ipAddress: 99.109.124.26
lastlocation:
  world: world
  x: 3859.5889542883688
  y: 71.0
  z: 321.102199928212
  yaw: -74.00415
  pitch: 3.7501974
