timestamps:
  login: 1339968228755
  logout: 1339856762685
  lastteleport: 1339856759017
ipAddress: 65.35.187.204
lastlocation:
  world: world
  x: 562.3727474843928
  y: 72.0
  z: 129.7423131950867
  yaw: -190.32333
  pitch: -11.650456
