timestamps:
  login: 1340761274933
  lastteleport: 1340761653415
  logout: 1340761683198
ipAddress: 99.99.230.87
lastlocation:
  world: world
  x: -23.63377844007416
  y: 74.0
  z: 446.47069138943675
  yaw: -64.05002
  pitch: -63.749992
