timestamps:
  login: 1338008758232
  logout: 1338008954773
  lastteleport: 1337479084366
ipAddress: 195.64.79.7
lastlocation:
  world: world
  x: 123.4820672845072
  y: 65.0
  z: 597.1524570866743
  yaw: -82.63458
  pitch: 13.704936
