timestamps:
  login: 1340474026381
  logout: 1340474155669
ipAddress: 174.101.100.223
lastlocation:
  world: world
  x: -109.57499998807907
  y: 74.0
  z: 448.44694715296356
  yaw: -132.90001
  pitch: 9.9000435
