timestamps:
  login: 1335087881611
  lastteleport: 1335087923991
  logout: 1335087941280
ipAddress: 195.0.204.134
lastlocation:
  world: world
  x: 3080.130303603374
  y: 72.0
  z: 803.1439733519554
  yaw: -272.49704
  pitch: 30.663109
