timestamps:
  login: 1333986362841
  lastteleport: 1333986687183
  logout: 1333986713263
ipAddress: 84.208.142.147
lastlocation:
  world: world
  x: 409.0264553209038
  y: 65.5
  z: 965.1200033022748
  yaw: -277.5204
  pitch: 10.20001
