timestamps:
  login: 1334524912765
  lastteleport: 1334523914109
  logout: 1334524937134
ipAddress: 209.197.157.98
lastlocation:
  world: world
  x: 1502.19691344539
  y: 70.0
  z: 177.61567142783187
  yaw: -90.92785
  pitch: 2.9934547
