timestamps:
  login: 1336516303005
  logout: 1336516682383
  lastteleport: 1336516381192
ipAddress: 50.92.239.85
lastlocation:
  world: world
  x: 3859.1125968523766
  y: 71.0
  z: 319.64339679383744
  yaw: 67.89535
  pitch: -2.3997903
