timestamps:
  login: 1338368854600
  logout: 1338369429435
  lastteleport: 1338369117530
ipAddress: 76.176.214.164
lastlocation:
  world: world
  x: 1581.449276238888
  y: 58.0
  z: 133.93278510762863
  yaw: -244.51414
  pitch: 29.250027
