timestamps:
  login: 1335491123149
  lastteleport: 1335491233703
  logout: 1335492516698
ipAddress: 67.61.147.180
lastlocation:
  world: world
  x: 3891.683740635022
  y: 64.0
  z: 369.98358369331453
  yaw: 136.59544
  pitch: 20.100214
