timestamps:
  login: 1339526636430
  lastteleport: 1339526768337
  logout: 1339526770991
ipAddress: 71.146.85.84
lastlocation:
  world: world
  x: -45.5
  y: 77.0
  z: 426.5
  yaw: 222.44998
  pitch: 9.300015
