timestamps:
  login: 1335905579316
  lastteleport: 1335905746561
  logout: 1335906095158
ipAddress: 75.154.67.172
lastlocation:
  world: world
  x: 3860.5773232584825
  y: 71.0
  z: 321.1081805816026
  yaw: -187.25562
  pitch: 7.1999493
ban:
  reason: NO FLYING ur banned for 7 day :P
