timestamps:
  login: 1339705618180
  logout: 1339705919026
  lastteleport: 1339630791574
ipAddress: 24.218.78.238
lastlocation:
  world: world_nether
  x: 272.8100949028898
  y: 128.0
  z: 136.89023151617508
  yaw: -295.36505
  pitch: 16.050034
