timestamps:
  login: 1338407110427
  logout: 1338407134956
  lastteleport: 1338407133172
ipAddress: 70.49.169.167
lastlocation:
  world: world
  x: -49.5
  y: 80.0
  z: 428.5
  yaw: -179.64813
  pitch: 23.050251
homes:
  home:
    world: world
    x: -1659.27544089809
    y: 67.0
    z: -3603.2579036994057
    yaw: -253.939
    pitch: 42.449993
