timestamps:
  login: 1336341166703
  lastteleport: 1336339957824
  logout: 1336341495445
ipAddress: 108.194.234.152
lastlocation:
  world: world
  x: 3859.0129003714346
  y: 91.0
  z: 352.51310236233985
  yaw: 9.382899
  pitch: 26.488615
ban:
  reason: Seriously? You dont even know how to use you're c;ient
