timestamps:
  login: 1340695774129
  lastteleport: 1340695809577
  logout: 1340696014604
ipAddress: 121.222.60.175
lastlocation:
  world: world
  x: 2367.5276371239706
  y: 63.0
  z: 1240.179824744589
  yaw: 111.24707
  pitch: 22.927921
