timestamps:
  login: 1340578913839
  logout: 1340578950197
ipAddress: 76.103.121.133
lastlocation:
  world: world
  x: -233.41208536496077
  y: 63.0
  z: 583.6219628869271
  yaw: 82.048584
  pitch: 2.7000277
