timestamps:
  login: 1336919035439
  logout: 1336919711255
  lastteleport: 1336918676078
ipAddress: 98.238.203.124
lastlocation:
  world: world
  x: 790.6262669462044
  y: 64.0
  z: -1128.5840887344423
  yaw: 348.61725
  pitch: 25.05002
money: 16.0
ban:
  reason: asking for op. temp ban for 3 days.
