timestamps:
  login: 1333929253611
  lastteleport: 1333928942614
ipAddress: 98.195.195.6
lastlocation:
  world: world
  x: 213.8331035258083
  y: 64.0
  z: 86.04100197589213
  yaw: 173.86456
  pitch: 37.43254
homes:
  home:
    world: world
    x: 216.69999998807907
    y: 68.0
    z: 88.52643287934455
    yaw: 113.974785
    pitch: 20.347008
