timestamps:
  login: 1335912392257
  lastteleport: 1335913346683
  logout: 1335913456077
ipAddress: 88.90.44.109
lastlocation:
  world: world
  x: 3858.3575465115714
  y: 71.0
  z: 320.7243619954722
  yaw: -176.60452
  pitch: -6.449753
