timestamps:
  login: 1333925755707
  logout: 1333925783710
ipAddress: 67.185.226.155
lastlocation:
  world: world
  x: 382.5
  y: 92.15584062981293
  z: 993.5
  yaw: 2.1325612
  pitch: -1.8659912
