timestamps:
  login: 1336612006101
  lastteleport: 1336608516114
  logout: 1336612013992
ipAddress: 50.51.136.206
lastlocation:
  world: world
  x: 3864.8042611538153
  y: 73.0
  z: 319.6086026149084
  yaw: 236.73329
  pitch: 30.67809
