timestamps:
  login: 1339976495662
  logout: 1339976598560
ipAddress: 99.50.212.176
lastlocation:
  world: world
  x: 32.88184953012108
  y: 74.0
  z: 348.56975468340136
  yaw: 46.799942
  pitch: 1.0499902
