timestamps:
  login: 1335555261751
  logout: 1335555354075
  lastteleport: 1335104270288
ipAddress: 76.188.113.63
lastlocation:
  world: world
  x: 2811.338956227256
  y: 63.0
  z: 804.2893227237977
  yaw: -271.4997
  pitch: 8.475995
money: 299.0
