timestamps:
  login: 1335906595142
  lastteleport: 1335554631938
  logout: 1335906600660
ipAddress: 108.3.185.230
lastlocation:
  world: world
  x: 3864.128985907248
  y: 64.0
  z: 330.3306400267732
  yaw: 140.19548
  pitch: 52.650215
