timestamps:
  login: 1336062705225
  lastteleport: 1336062796016
  logout: 1336062884612
ipAddress: 79.209.169.225
lastlocation:
  world: world
  x: 3859.4824594452843
  y: 71.0
  z: 321.9028449412863
  yaw: 299.79572
  pitch: 20.400208
