timestamps:
  login: 1337850225797
  lastteleport: 1337591507266
  logout: 1337850251384
ipAddress: 174.59.118.27
lastlocation:
  world: world
  x: 54.4890232045625
  y: 4.0
  z: 738.6999999880791
  yaw: -174.73512
  pitch: 6.299962
