timestamps:
  login: 1334395191090
  lastteleport: 1334395214393
  logout: 1334395349131
ipAddress: 184.60.142.67
lastlocation:
  world: world
  x: 403.3132819830844
  y: 68.0
  z: 167.119779817324
  yaw: -184.69307
  pitch: 19.404966
