timestamps:
  login: 1338419210687
  lastteleport: 1338421292916
  logout: 1338421640386
ipAddress: 70.79.170.76
lastlocation:
  world: world
  x: -46.542677372718515
  y: 92.5
  z: 439.17545280462315
  yaw: -303.01172
  pitch: 21.47802
ban:
  reason: ''
  timeout: 1338680843233
