timestamps:
  login: 1335617977540
  lastteleport: 1335472762622
  logout: 1335618008909
ipAddress: 174.116.89.165
lastlocation:
  world: world
  x: 3141.0413916108682
  y: 63.0
  z: 638.6999999880791
  yaw: -125.4338
  pitch: -29.99999
money: 2.0
homes:
  home:
    world: world
    x: 3139.300000011921
    y: 62.0
    z: 636.6287888706428
    yaw: 255.26636
    pitch: 45.899998
