timestamps:
  login: 1338129442528
  logout: 1338129448048
  lastteleport: 1338121760038
ipAddress: 71.75.140.164
lastlocation:
  world: world
  x: 6.568914870623162
  y: 66.0
  z: -316.69899331973704
  yaw: 111.95329
  pitch: 28.499964
money: 0.0
homes:
  home:
    world: world
    x: 7.489930704494516
    y: 67.0
    z: -314.1943396868918
    yaw: -188.79689
    pitch: 25.650003
