timestamps:
  login: 1335572070132
  logout: 1335572233266
  lastteleport: 1335572195512
ipAddress: 71.227.248.77
lastlocation:
  world: world
  x: 3882.663950935199
  y: 87.0
  z: 268.6280718293489
  yaw: 51.095215
  pitch: 0.9002194
