timestamps:
  login: 1336613357656
  logout: 1336613398992
  lastteleport: 1336346910505
ipAddress: 71.56.218.107
lastlocation:
  world: world
  x: 4000.051540486093
  y: 12.0
  z: 35.69999998807907
  yaw: 73.07153
  pitch: 61.94148
money: 0.0
