timestamps:
  login: 1340034251382
  logout: 1340034470820
ipAddress: 90.207.72.144
lastlocation:
  world: world
  x: -223.3237114408014
  y: 70.0
  z: 730.6999999880791
  yaw: 42.149967
  pitch: 90.0
