timestamps:
  login: 1336252081586
  lastteleport: 1335149481774
  logout: 1336252557072
ipAddress: 97.85.242.128
lastlocation:
  world: world
  x: 1489.2533427162853
  y: 70.0
  z: 190.69158542066936
  yaw: 180.58826
  pitch: 1.8059914
