timestamps:
  login: 1335370213737
  lastteleport: 1334481986555
  logout: 1335370459710
ipAddress: 2.127.42.17
lastlocation:
  world: world
  x: 733.5
  y: 128.62000000476837
  z: -1998.5
  yaw: 0.0
  pitch: 0.0
homes:
  home:
    world: world
    x: 3814.699999988079
    y: 16.0
    z: 1902.300000011921
    yaw: 66.05896
    pitch: 26.690626
