timestamps:
  login: 1338687244704
  logout: 1338687262289
ipAddress: 75.75.144.187
lastlocation:
  world: world
  x: -366.30000001192093
  y: 64.0
  z: 687.3000000119209
  yaw: 60.73586
  pitch: -32.62487
