timestamps:
  login: 1336184747438
  lastteleport: 1336184980094
  logout: 1336184979666
ipAddress: 120.148.134.233
lastlocation:
  world: world
  x: 3886.502864357145
  y: 64.0
  z: 366.8323448756386
  yaw: 132.84547
  pitch: 8.850215
