timestamps:
  login: 1338175603539
  logout: 1338175646301
ipAddress: 46.46.216.226
lastlocation:
  world: world
  x: -51.40573297298505
  y: 80.0
  z: 427.9530097978541
  yaw: 103.40188
  pitch: 14.200242
