timestamps:
  login: 1333988794823
  lastteleport: 1333988942241
  logout: 1333989011310
ipAddress: 92.6.99.28
lastlocation:
  world: world
  x: 403.7780187973367
  y: 64.0
  z: 144.4303294275108
  yaw: -190.52219
  pitch: 23.399729
