timestamps:
  login: 1340576207500
  logout: 1340576560144
ipAddress: 67.170.17.148
lastlocation:
  world: world
  x: 330.69999998807907
  y: 68.0
  z: 834.654139628254
  yaw: 279.66
  pitch: 12.668215
