timestamps:
  login: 1339517807062
  logout: 1339517881420
ipAddress: 85.167.155.148
lastlocation:
  world: world
  x: -26.41156775025663
  y: 74.0
  z: 478.02083211828585
  yaw: 266.69992
  pitch: -2.6999745
