timestamps:
  login: 1335044513487
  lastteleport: 1335044836549
  logout: 1335046625207
ipAddress: 118.93.99.92
lastlocation:
  world: world
  x: 3019.6813524543413
  y: 62.0
  z: 1462.7144987779695
  yaw: -192.66428
  pitch: 3.900002
homes:
  home:
    world: world
    x: 3257.975114051771
    y: 64.0
    z: 1855.899391943397
    yaw: -80.31494
    pitch: 9.4500265
