timestamps:
  login: 1338231388942
  logout: 1338231471375
  lastteleport: 1338231253751
ipAddress: 173.48.220.117
lastlocation:
  world: world
  x: 19.665510097185713
  y: 77.0
  z: 401.3294769858573
  yaw: 251.302
  pitch: 22.499989
money: 235.0
