timestamps:
  login: 1338539479124
  lastteleport: 1335834764663
  logout: 1338539498575
ipAddress: 68.225.253.41
lastlocation:
  world: world
  x: -65.07499998807909
  y: 77.5
  z: 402.30000001192093
  yaw: 128.55013
  pitch: 31.500006
