timestamps:
  login: 1333990875342
  lastteleport: 1333990928510
  logout: 1333991124675
ipAddress: 184.88.197.8
lastlocation:
  world: world
  x: 403.24268061892656
  y: 67.0
  z: 122.46417830064509
  yaw: -180.17233
  pitch: 16.499731
