timestamps:
  login: 1333999038306
  lastteleport: 1333999131152
  logout: 1333999288889
ipAddress: 75.130.145.121
lastlocation:
  world: world
  x: 382.9272753170185
  y: 64.0
  z: 146.39465518861795
  yaw: 171.57751
  pitch: 16.349733
