timestamps:
  login: 1335614648354
  lastteleport: 1335615469911
  logout: 1335615613237
ipAddress: 24.155.135.203
lastlocation:
  world: world
  x: 3865.7334300175994
  y: 64.0
  z: 334.6146128552057
  yaw: -187.93361
  pitch: 24.004526
