timestamps:
  login: 1334189232021
  lastteleport: 1334189279473
  logout: 1334189680822
ipAddress: 99.227.158.140
lastlocation:
  world: world
  x: 403.88403814505045
  y: 64.0
  z: 143.0975840237411
  yaw: -195.83598
  pitch: 27.658762
