timestamps:
  login: 1340473941759
  logout: 1340473962499
ipAddress: 96.247.60.5
lastlocation:
  world: world
  x: -39.837473039402035
  y: 74.0
  z: 442.1384284803963
  yaw: -115.94999
  pitch: 11.850004
