timestamps:
  login: 1334839586339
  lastteleport: 1334839670055
  logout: 1334839696338
ipAddress: 80.220.14.96
lastlocation:
  world: world
  x: 1514.4345149880367
  y: 90.0
  z: -174.4934162445665
  yaw: -75.68632
  pitch: 16.952988
