timestamps:
  login: 1336481393582
  lastteleport: 1336481692728
  logout: 1336481901523
ipAddress: 109.189.80.6
lastlocation:
  world: world
  x: 2188.302578069847
  y: 62.0
  z: 73.96739298114117
  yaw: 102.34021
  pitch: 16.658495
