timestamps:
  login: 1334615608081
  mute: 0
  logout: 1334615632543
ipAddress: 68.229.70.228
lastlocation:
  world: world
  x: 1483.5
  y: 80.02739540713331
  z: 195.5
  yaw: 36.272354
  pitch: 71.87917
muted: true
