timestamps:
  login: 1335027217863
  logout: 1335029485950
  lastteleport: 1335028053566
ipAddress: 69.245.217.128
lastlocation:
  world: world
  x: 3106.411431083984
  y: 72.0
  z: 1517.9926838812814
  yaw: -94.42499
  pitch: 23.048653
