timestamps:
  login: 1333989957093
  lastteleport: 1333990003272
  logout: 1333990593122
ipAddress: 173.234.217.118
lastlocation:
  world: world
  x: 403.6260215774203
  y: 68.0
  z: 164.35414482321733
  yaw: -184.52281
  pitch: 41.54971
