timestamps:
  login: 1335049737652
  logout: 1335051098777
  lastteleport: 1335051060602
ipAddress: 69.148.198.123
lastlocation:
  world: world
  x: 3108.3959274228528
  y: 80.0
  z: 1466.5314995984343
  yaw: -138.51431
  pitch: -5.5499625
money: 299.0
homes:
  home:
    world: world
    x: 3751.036632861106
    y: 110.0
    z: 1600.6838489718957
    yaw: -183.56215
    pitch: 1.3500144
