timestamps:
  login: 1334012683039
  lastteleport: 1333940349054
  logout: 1334012683796
ipAddress: 173.72.255.196
lastlocation:
  world: world
  x: 375.38218164002774
  y: 65.0
  z: 937.9097085880386
  yaw: -142.17722
  pitch: 9.745775
