timestamps:
  login: 1340516893631
  lastteleport: 1340236501381
  logout: 1340516896781
ipAddress: 98.24.169.219
lastlocation:
  world: world
  x: 2178.6448393451933
  y: 69.29138605190208
  z: 1263.002166508238
  yaw: 285.37503
  pitch: 12.420639
ban:
  reason: griefing
godmode: true
