timestamps:
  login: 1338117365601
  lastteleport: 1335572002883
  logout: 1338117367606
ipAddress: 124.185.23.144
lastlocation:
  world: world
  x: -36.53412176471784
  y: 77.0
  z: 443.08425072371233
  yaw: -61.65018
  pitch: -20.550037
