timestamps:
  login: 1334081547417
  lastteleport: 1334082028874
  logout: 1334082068350
ipAddress: 98.113.211.11
lastlocation:
  world: world
  x: 403.54540225302327
  y: 67.0
  z: 119.07499998807907
  yaw: 198.42624
  pitch: 41.24998
money: 290.0
