timestamps:
  login: 1335887907650
  lastteleport: 1335888056846
  logout: 1335888106938
ipAddress: 98.253.14.168
lastlocation:
  world: world
  x: 3478.8963142432153
  y: 63.0
  z: 1854.9506732392572
  yaw: -25.382792
  pitch: 5.7000046
