timestamps:
  login: 1334002762544
  lastteleport: 1334005527337
  logout: 1334006413445
ipAddress: 109.152.55.31
lastlocation:
  world: world
  x: 350.3718762123748
  y: 63.0
  z: 189.6395120300868
  yaw: -359.87317
  pitch: 27.60001
