timestamps:
  login: 1340475063409
  logout: 1340475213909
ipAddress: 77.103.211.231
lastlocation:
  world: world
  x: -67.98306519611626
  y: 96.0
  z: 432.7965251727049
  yaw: 185.70026
  pitch: 4.8000546
