timestamps:
  login: 1336678162856
  lastteleport: 1336678171486
  logout: 1336678310927
ipAddress: 84.203.43.1
lastlocation:
  world: world
  x: 3647.151696587987
  y: 63.0
  z: 1391.3875899809807
  yaw: 8.623137
  pitch: 15.000053
