timestamps:
  login: 1335406047478
  logout: 1335407136151
  lastteleport: 1335406244232
ipAddress: 66.65.5.216
lastlocation:
  world: world
  x: 3488.617589487573
  y: 105.0
  z: 1843.2314214074881
  yaw: -6.153595
  pitch: 12.656187
