timestamps:
  login: 1334103531457
  logout: 1334104524692
  lastteleport: 1334104217561
ipAddress: 67.168.153.141
lastlocation:
  world: world
  x: 403.3191480116755
  y: 68.0
  z: 167.35971063386526
  yaw: 186.72632
  pitch: 19.499935
money: 160.0
