timestamps:
  login: 1336226712387
  lastteleport: 1335267547547
  logout: 1336226809667
ipAddress: 101.160.73.130
lastlocation:
  world: world
  x: 788.5517597696567
  y: 67.0
  z: -1998.1231123002424
  yaw: 297.32385
  pitch: 16.350002
money: 211.0
