timestamps:
  login: 1334077779999
  logout: 1334077783236
  lastteleport: 1334070610798
ipAddress: 84.48.67.28
lastlocation:
  world: world
  x: 221.29848339317147
  y: 66.0
  z: 720.7134602648787
  yaw: 165.70996
  pitch: 29.3087
