timestamps:
  login: 1338033996388
  logout: 1338034042197
  lastteleport: 1338034001403
ipAddress: 96.18.43.174
lastlocation:
  world: world
  x: 1474.163082601229
  y: 12.0
  z: -84.48557782750551
  yaw: 214.27977
  pitch: 21.45007
ban:
  reason: Temporarily banned from server for  3 days 1 second
  timeout: 0
