timestamps:
  login: 1336410931562
  lastteleport: 1335790954977
  logout: 1336410940289
ipAddress: 84.209.87.125
lastlocation:
  world: world
  x: 2532.6956135098944
  y: 68.0
  z: 1429.033691028522
  yaw: -266.11075
  pitch: 24.450012
