timestamps:
  login: 1335644979619
  lastteleport: 1335618032601
  logout: 1335645006158
ipAddress: 83.92.68.140
lastlocation:
  world: world
  x: 4062.354685180538
  y: 67.0
  z: 357.69999998807907
  yaw: -231.29962
  pitch: 2.7185636
