timestamps:
  login: 1335216698019
  lastteleport: 1335209424023
  logout: 1335216701134
ipAddress: 66.181.119.100
lastlocation:
  world: world
  x: 1840.181332221026
  y: 63.0
  z: -689.4856241728639
  yaw: -4.864555
  pitch: 0.4449952
