timestamps:
  login: 1338100745384
  logout: 1338100750354
ipAddress: 108.38.40.206
lastlocation:
  world: world
  x: -49.5
  y: 80.0
  z: 428.5
  yaw: -154.24072
  pitch: 23.178572
