timestamps:
  login: 1335890423844
  lastteleport: 1335890190843
  logout: 1335890461938
ipAddress: 88.89.23.172
lastlocation:
  world: world
  x: 3861.387387527171
  y: 71.0
  z: 320.5520470421418
  yaw: -179.20628
  pitch: -0.17498922
