timestamps:
  login: 1335889109196
  lastteleport: 1335889509342
  logout: 1335889556938
ipAddress: 82.2.34.243
lastlocation:
  world: world
  x: 1232.601641298077
  y: 64.0
  z: 2568.186904066554
  yaw: -84.64688
  pitch: 22.950008
