timestamps:
  login: 1334415385181
  lastteleport: 1334415402583
  logout: 1334415656561
ipAddress: 80.235.146.235
lastlocation:
  world: world
  x: 403.4726582848807
  y: 68.0
  z: 168.06580863266743
  yaw: -178.97247
  pitch: 15.74973
