timestamps:
  login: 1338145676150
  lastteleport: 1337478106482
  logout: 1338145680313
ipAddress: 86.5.222.32
lastlocation:
  world: world
  x: -43.08276348356909
  y: 77.0
  z: 435.53117162311594
  yaw: -137.56001
  pitch: -14.422351
