timestamps:
  login: 1335887430093
  lastteleport: 1335887878246
  logout: 1335888066988
ipAddress: 78.69.117.194
lastlocation:
  world: world
  x: 3797.5747162956986
  y: 64.0
  z: 1850.4552790279977
  yaw: -28.886017
  pitch: 22.063868
money: 80.0
