timestamps:
  login: 1340927130505
  lastteleport: 1340910915560
  logout: 1340927260469
ipAddress: 86.177.221.215
lastlocation:
  world: world
  x: 508.61785120845286
  y: 64.0
  z: 730.3248345012687
  yaw: 155.849
  pitch: 8.909805
