timestamps:
  login: 1339952527912
  lastteleport: 1339952866117
  logout: 1339952877124
ipAddress: 95.148.3.209
lastlocation:
  world: world
  x: -376.00320064881765
  y: 62.0
  z: 244.53459814461232
  yaw: -232.0935
  pitch: -23.986982
