timestamps:
  login: 1340778004025
  logout: 1340778653806
ipAddress: 31.54.30.159
lastlocation:
  world: world
  x: -41.24222693219777
  y: 81.5
  z: 426.90353048456234
  yaw: -238.59575
  pitch: 14.565384
