timestamps:
  login: 1333990756246
  logout: 1333991059223
  lastteleport: 1333991021550
ipAddress: 92.24.169.127
lastlocation:
  world: world
  x: 401.5431175200389
  y: 68.0
  z: 187.89867930091376
  yaw: 352.53998
  pitch: 7.2367353
