timestamps:
  login: 1334495666826
  logout: 1334495676134
  lastteleport: 1334435676730
ipAddress: 78.22.58.195
lastlocation:
  world: world
  x: 1485.671868545307
  y: 70.0
  z: 192.97826917095526
  yaw: -168.02803
  pitch: 10.193431
