timestamps:
  login: 1334080728521
  lastteleport: 1334080817669
  logout: 1334080843350
ipAddress: 95.147.76.95
lastlocation:
  world: world
  x: 404.69999998807907
  y: 67.0
  z: 119.07499998807907
  yaw: 175.78766
  pitch: 18.975393
