timestamps:
  login: 1334098227313
  logout: 1334098416175
  lastteleport: 1334098400744
ipAddress: 96.50.47.177
lastlocation:
  world: world
  x: 403.3804634085421
  y: 68.0
  z: 196.6275665194099
  yaw: -178.52248
  pitch: 23.399729
