timestamps:
  login: 1341005447970
  logout: 1341005549015
ipAddress: 71.21.36.69
lastlocation:
  world: world
  x: -88.10569060512213
  y: 74.0
  z: 411.561370741905
  yaw: -185.2633
  pitch: -1.6993892
