timestamps:
  login: 1335956312120
  lastteleport: 1335870681868
  logout: 1335956320135
ipAddress: 174.118.40.32
lastlocation:
  world: world
  x: 3923.8685220763714
  y: 102.0
  z: 274.4216763655075
  yaw: 192.2453
  pitch: -6.149803
