timestamps:
  login: 1333983985588
  lastteleport: 1333984181369
  logout: 1333984299156
ipAddress: 84.209.10.226
lastlocation:
  world: world
  x: 358.2877341800911
  y: 82.0
  z: 972.5423322002875
  yaw: -171.02127
  pitch: 13.199992
