timestamps:
  login: 1335461847760
  logout: 1335461897703
  lastteleport: 1335451205110
ipAddress: 74.60.125.150
lastlocation:
  world: world
  x: 740.4214333331543
  y: 73.0
  z: -1990.5988744852814
  yaw: 268.9738
  pitch: 10.950003
