timestamps:
  login: 1337238749053
  logout: 1337239156050
  lastteleport: 1337239029077
ipAddress: 75.171.34.172
lastlocation:
  world: world
  x: 26.843489459594444
  y: 23.0
  z: 536.3814547956504
  yaw: -27.300903
  pitch: 24.150005
