timestamps:
  login: 1336921938212
  lastteleport: 1336729860132
  logout: 1336921966227
ipAddress: 124.187.43.5
lastlocation:
  world: world
  x: 4102.718076035219
  y: 52.0
  z: 843.894558087812
  yaw: 97.2937
  pitch: 13.500001
