timestamps:
  login: 1338209722569
  logout: 1338209806099
  lastteleport: 1338209773673
ipAddress: 98.210.230.103
lastlocation:
  world: world
  x: -26.643932087853038
  y: 77.0
  z: 447.3679912341862
  yaw: -68.480225
  pitch: 5.2127986
