timestamps:
  login: 1335907142722
  lastteleport: 1335906953360
  logout: 1335907232003
ipAddress: 188.220.68.16
lastlocation:
  world: world
  x: 3860.6446225298882
  y: 71.0
  z: 320.3043635908949
  yaw: 167.94537
  pitch: -7.6497707
