timestamps:
  login: 1334345771336
  logout: 1334345792953
  lastteleport: 1334266997592
ipAddress: 108.199.174.161
lastlocation:
  world: world
  x: 403.3015097967622
  y: 64.0
  z: 145.0069451753467
  yaw: -178.07257
  pitch: 10.799745
