timestamps:
  login: 1336904459850
  lastteleport: 1336524425843
  logout: 1336904521351
ipAddress: 216.227.114.92
lastlocation:
  world: world
  x: 1233.6727080822614
  y: 64.0
  z: 2568.705676068669
  yaw: 264.70325
  pitch: 37.50001
