timestamps:
  login: 1335208975193
  lastteleport: 1335209101720
  logout: 1335209186563
ipAddress: 77.167.1.33
lastlocation:
  world: world
  x: 760.8584563438089
  y: 71.23152379758702
  z: -1990.2471470523144
  yaw: 270.92392
  pitch: 22.799984
money: 297.0
