timestamps:
  login: 1337917542538
  lastteleport: 1335230413182
  logout: 1337918281786
ipAddress: 24.42.111.174
lastlocation:
  world: world
  x: -50.5
  y: 117.47489330411673
  z: 426.5
  yaw: 0.0
  pitch: 0.0
homes:
  home:
    world: world
    x: 1534.200947541261
    y: 72.0
    z: 14.51912377210706
    yaw: 289.47418
    pitch: 9.449995
