timestamps:
  login: 1335476080366
  lastteleport: 1335476207113
  logout: 1335476273302
ipAddress: 68.149.74.123
lastlocation:
  world: world
  x: 1248.300000011921
  y: 63.0
  z: 2611.443368644362
  yaw: 127.66662
  pitch: 26.316835
