timestamps:
  login: 1340587668225
  logout: 1340587687634
ipAddress: 108.222.249.163
lastlocation:
  world: world
  x: -49.779134186687514
  y: 76.0
  z: 426.06874632749924
  yaw: 72.62325
  pitch: -10.253405
