timestamps:
  login: 1336062041833
  lastteleport: 1336062086919
  logout: 1336062099612
ipAddress: 85.228.242.192
lastlocation:
  world: world
  x: 3498.5
  y: 105.0
  z: 1815.5
  yaw: -359.47815
  pitch: -7.813456
