timestamps:
  login: 1337486178504
  lastteleport: 1337469471163
  logout: 1337486367094
ipAddress: 217.208.20.3
lastlocation:
  world: world
  x: -177.69999998807907
  y: 16.0
  z: 500.1050842686073
  yaw: -253.65013
  pitch: 33.299988
