timestamps:
  login: 1333927132682
  lastteleport: 1333927307631
  logout: 1333927375213
ipAddress: 24.19.85.145
lastlocation:
  world: world
  x: 252.98512619596642
  y: 76.0
  z: 696.8178170968496
  yaw: -123.32013
  pitch: 13.9500675
