timestamps:
  login: 1334150937468
  logout: 1334154151967
  lastteleport: 1334154143675
ipAddress: 85.226.117.40
lastlocation:
  world: world
  x: 403.3804634085421
  y: 68.0
  z: 196.6275665194099
  yaw: -187.82246
  pitch: 24.899729
