timestamps:
  login: 1340474031781
  logout: 1340474164106
ipAddress: 174.101.100.223
lastlocation:
  world: world
  x: 0.9624832503425421
  y: 96.0
  z: 427.18144873786764
  yaw: 269.24988
  pitch: 23.100021
