timestamps:
  login: 1336154389304
  lastteleport: 1336155434810
  logout: 1336155447193
ipAddress: 217.43.119.240
lastlocation:
  world: world
  x: 3962.1357721570666
  y: 79.0
  z: 367.06833030044794
  yaw: -324.3977
  pitch: 18.643467
