timestamps:
  login: 1339869792124
  lastteleport: 1339869879945
  logout: 1339870300872
ipAddress: 85.191.49.156
lastlocation:
  world: world
  x: 1034.607983966076
  y: 50.0
  z: 500.4174562529569
  yaw: -233.13704
  pitch: 18.899979
nickname: TheWorldMiners
