timestamps:
  login: 1335548222682
  logout: 1335548323060
  lastteleport: 1335548308263
ipAddress: 89.190.90.193
lastlocation:
  world: world_nether
  x: 101.55053047780397
  y: 63.0
  z: -254.30000001192093
  yaw: -126.27551
  pitch: -90.0
