timestamps:
  login: 1340686107132
  logout: 1340686269605
ipAddress: 70.40.190.219
lastlocation:
  world: world
  x: -381.4938523954434
  y: 65.0
  z: 244.0230451910677
  yaw: -298.34872
  pitch: 53.700016
