timestamps:
  login: 1335996169016
  lastteleport: 1335996575858
  logout: 1335996649335
ipAddress: 71.92.250.117
lastlocation:
  world: world
  x: 1254.2579812444926
  y: 62.0
  z: 2624.6004013635775
  yaw: 94.61028
  pitch: -36.3
