timestamps:
  login: 1338265160564
  logout: 1338265179964
  lastteleport: 1335959135193
ipAddress: 74.15.31.36
lastlocation:
  world: world
  x: -43.852839924525846
  y: 77.0
  z: 420.41460762036263
  yaw: -156.69815
  pitch: 27.850252
