timestamps:
  login: 1336489220373
  logout: 1336489948378
  lastteleport: 1336489332735
ipAddress: 83.242.4.163
lastlocation:
  world: world
  x: 3498.5
  y: 105.0
  z: 1815.5
  yaw: -359.47815
  pitch: -7.813456
