timestamps:
  login: 1338687054937
  logout: 1338366273266
ipAddress: 69.132.134.67
lastlocation:
  world: world
  x: 19.781651811430393
  y: 98.5
  z: 433.6268196313331
  yaw: 203.45164
  pitch: -21.149998
