timestamps:
  login: 1334703187060
  lastteleport: 1334703005077
  logout: 1334703202313
ipAddress: 90.225.99.107
lastlocation:
  world: world
  x: 1488.872614785466
  y: 70.0
  z: 194.94450987628153
  yaw: -176.12802
  pitch: -10.206571
homes:
  home:
    world: world
    x: 3286.699999988079
    y: 63.0
    z: 1892.7408818725412
    yaw: -343.73047
    pitch: 12.000018
ban:
  reason: ' FUCK YOU AND ITS THE BES SERVER EVER'
