timestamps:
  login: 1337367705190
  lastteleport: 1337367722474
  logout: 1337367776365
ipAddress: 68.41.192.241
lastlocation:
  world: world
  x: -109.50481885184816
  y: 74.0
  z: 417.79249844508007
  yaw: -44.72269
  pitch: 11.528993
money: 150.0
