timestamps:
  login: 1333983654493
  lastteleport: 1333983773041
  logout: 1333983904028
ipAddress: 99.65.101.73
lastlocation:
  world: world
  x: 376.2287928703247
  y: 65.0
  z: 937.3769845329897
  yaw: 278.7912
  pitch: 23.442045
