timestamps:
  login: 1336944251469
  logout: 1336945542912
  lastteleport: 1336945348453
ipAddress: 86.177.202.31
lastlocation:
  world: world
  x: 787.1133262784908
  y: 63.0
  z: -1072.0538380136431
  yaw: 179.99603
  pitch: -1.6499923
