timestamps:
  login: 1334793660886
  lastteleport: 1334794311382
  logout: 1334794600250
ipAddress: 96.229.144.107
lastlocation:
  world: world
  x: 1511.4296568749337
  y: 84.0
  z: -186.89912818520358
  yaw: -91.21296
  pitch: 24.24092
