timestamps:
  login: 1334885899577
  lastteleport: 1334885995907
  logout: 1334886100136
ipAddress: 71.177.41.233
lastlocation:
  world: world
  x: 1521.489811028731
  y: 82.0
  z: -187.65734290507157
  yaw: -94.2319
  pitch: 42.299995
