timestamps:
  login: 1338606070252
  logout: 1338606073447
ipAddress: 75.108.216.58
lastlocation:
  world: world
  x: -47.86391409319092
  y: 80.0
  z: 428.5578259915283
  yaw: 346.8
  pitch: 9.000021
