timestamps:
  login: 1334001524150
  lastteleport: 1334000034410
  logout: 1334001562980
ipAddress: 100.1.186.98
lastlocation:
  world: world
  x: 415.6757090859243
  y: 63.0
  z: 164.61601617262735
  yaw: 100.26923
  pitch: 5.6493754
money: 0.0
