timestamps:
  login: 1338686733378
  logout: 1338686920520
ipAddress: 108.201.220.171
lastlocation:
  world: world
  x: -109.30000001192093
  y: 84.5
  z: 450.69999998807907
  yaw: 279.75146
  pitch: 6.0000067
