timestamps:
  login: 1339783541741
  logout: 1339783667075
ipAddress: 69.232.75.1
lastlocation:
  world: world
  x: -136.3342136415513
  y: 36.0
  z: 330.9396272235072
  yaw: 268.50085
  pitch: 29.99998
