timestamps:
  login: 1333990116686
  lastteleport: 1333990147958
  logout: 1333990197912
ipAddress: 91.177.1.224
lastlocation:
  world: world
  x: 384.10345529050454
  y: 64.0
  z: 150.31260857719406
  yaw: -211.58295
  pitch: 52.026062
