timestamps:
  login: 1335052567402
  lastteleport: 1335052179997
  logout: 1335052753733
ipAddress: 75.19.124.235
lastlocation:
  world: world
  x: 3798.874966910215
  y: 64.0
  z: 1888.507706427818
  yaw: -188.22015
  pitch: 5.250034
