timestamps:
  login: 1340798882001
  logout: 1340798888366
ipAddress: 173.63.60.62
lastlocation:
  world: world
  x: -140.8798199410521
  y: 77.0
  z: 645.1365839285228
  yaw: -17.553146
  pitch: 33.299953
