timestamps:
  login: 1333936803747
  logout: 1333936943455
  lastteleport: 1333936866415
ipAddress: 173.33.148.212
lastlocation:
  world: world
  x: 354.1605513405867
  y: 82.0
  z: 1004.2383556972263
  yaw: -310.82098
  pitch: 61.499996
