timestamps:
  login: 1337826380035
  logout: 1337826415307
  lastteleport: 1337826390386
ipAddress: 176.253.52.171
lastlocation:
  world: world
  x: 40.37401335846639
  y: 14.0
  z: 508.210568019321
  yaw: 0.6128068
  pitch: 14.710615
