timestamps:
  login: 1340575698361
  logout: 1340575705194
ipAddress: 108.225.141.105
lastlocation:
  world: world
  x: -40.854885249064814
  y: 74.0
  z: 437.97986762780494
  yaw: 105.600006
  pitch: 8.100011
