timestamps:
  login: 1340823831379
  logout: 1340823864341
  lastteleport: 1340823835523
ipAddress: 68.83.129.231
lastlocation:
  world: world
  x: -10.930558417631788
  y: 74.5
  z: 429.11783540496697
  yaw: -25.349943
  pitch: 13.500018
