timestamps:
  login: 1336348666160
  lastteleport: 1336325099134
  logout: 1336348814880
ipAddress: 67.162.14.38
lastlocation:
  world: world
  x: 1453.216684251679
  y: 66.0
  z: -126.1420918371764
  yaw: -106.36246
  pitch: 14.4479885
