timestamps:
  login: 1335573443534
  logout: 1335573473370
  lastteleport: 1335312130616
ipAddress: 108.200.182.174
lastlocation:
  world: world
  x: 733.7317060111977
  y: 73.0
  z: -1989.7077149159793
  yaw: 269.5739
  pitch: 4.8000026
