timestamps:
  login: 1334831185280
  lastteleport: 1334831012819
  logout: 1334831251960
ipAddress: 212.226.72.125
lastlocation:
  world: world
  x: 1556.69210434829
  y: 53.0
  z: -166.28484078694294
  yaw: -257.04907
  pitch: -0.19998066
