timestamps:
  login: 1335389685722
  logout: 1335390215714
  lastteleport: 1335390184820
ipAddress: 184.166.140.127
lastlocation:
  world: world
  x: 792.8539632003041
  y: 67.0
  z: -1996.1621153469246
  yaw: 253.92839
  pitch: 11.356796
money: 112.0
ban:
  reason: Griefing- Appeal on champcraft.net
