timestamps:
  login: 1339966473729
  logout: 1339966482178
ipAddress: 69.113.130.68
lastlocation:
  world: world
  x: -67.60194496522753
  y: 74.5
  z: 462.88677479730916
  yaw: -117.75004
  pitch: 1.8000056
