timestamps:
  login: 1336529741271
  lastteleport: 1336530023271
  logout: 1336530259465
ipAddress: 96.38.153.30
lastlocation:
  world: world
  x: 3939.7641759338676
  y: 94.0
  z: 288.8452042455508
  yaw: 169.92859
  pitch: 15.008253
