timestamps:
  login: 1340158420857
  logout: 1340158753735
  lastteleport: 1340158716389
ipAddress: 173.68.191.138
lastlocation:
  world: world
  x: -19.262325907279017
  y: 74.5
  z: 390.8754824681368
  yaw: -204.38959
  pitch: 19.589092
