timestamps:
  login: 1338157776666
  lastteleport: 1335904937975
  logout: 1338157941895
ipAddress: 24.127.83.138
lastlocation:
  world: world
  x: -83.5848078045418
  y: 77.0
  z: 385.69999998807907
  yaw: -26.6156
  pitch: 8.190216
