timestamps:
  login: 1334081734119
  lastteleport: 1334081805149
  logout: 1334081808350
ipAddress: 90.191.220.224
lastlocation:
  world: world
  x: 391.54351317072235
  y: 67.0
  z: 100.36366013061311
  yaw: 345.27606
  pitch: 11.249978
