timestamps:
  login: 1338195573669
  lastteleport: 1338196311357
  logout: 1338197382410
ipAddress: 75.137.144.239
lastlocation:
  world: world
  x: -327.1313991150864
  y: 63.0
  z: 2083.262533790635
  yaw: -271.77533
  pitch: 28.607061
money: 0.0
