timestamps:
  login: 1333985550094
  lastteleport: 1333985647381
  logout: 1333985759670
ipAddress: 86.178.156.12
lastlocation:
  world: world
  x: 231.30000001192093
  y: 42.0
  z: 705.7206025694599
  yaw: 357.27985
  pitch: -57.899986
