timestamps:
  login: 1336163730106
  lastteleport: 1336163853252
  logout: 1336163856144
ipAddress: 71.206.56.213
lastlocation:
  world: world
  x: 423.1608884277268
  y: 5.0
  z: -1380.8251183217185
  yaw: -266.49954
  pitch: 18.900003
money: 0.0
