timestamps:
  login: 1334935183646
  logout: 1334935413257
ipAddress: 74.5.9.157
lastlocation:
  world: world
  x: 1478.508603845439
  y: 70.0
  z: 189.75340853066126
  yaw: -20.4
  pitch: 5.85
