timestamps:
  login: 1336187848460
  logout: 1336187845794
  lastteleport: 1336187331073
ipAddress: 76.90.226.33
lastlocation:
  world: world
  x: 3885.922818491065
  y: 64.0
  z: 364.13357717621875
  yaw: -217.70244
  pitch: 35.296387
