timestamps:
  login: 1336512429871
  logout: 1336512442383
  lastteleport: 1336512439046
ipAddress: 67.190.231.30
lastlocation:
  world: world
  x: 564.4875000119209
  y: 62.0
  z: -2030.300000011921
  yaw: -33.425976
  pitch: 7.799999
