timestamps:
  login: 1336055993543
  lastteleport: 1336056074813
  logout: 1336056074662
ipAddress: 62.30.221.189
lastlocation:
  world: world
  x: 3979.97936096568
  y: 66.0
  z: 402.19084419587807
  yaw: 148.85223
  pitch: -2.4841423
