timestamps:
  login: 1335302910361
  logout: 1335302987649
  lastteleport: 1334533416833
ipAddress: 74.70.112.25
lastlocation:
  world: world
  x: 731.5
  y: 129.62000000476837
  z: -1991.5
  yaw: 0.0
  pitch: 0.0
homes:
  home:
    world: world
    x: -765.0803495090233
    y: 64.0
    z: -1134.300000011921
    yaw: 188.66394
    pitch: 36.599865
