timestamps:
  login: 1335045826480
  logout: 1335046295205
  lastteleport: 1335046100912
ipAddress: 76.103.179.118
lastlocation:
  world: world
  x: 3055.363071810494
  y: 62.0
  z: 1478.15189423944
  yaw: -191.01448
  pitch: 12.450006
money: 298.0
