timestamps:
  login: 1338157730797
  logout: 1338157746895
ipAddress: 108.233.186.244
lastlocation:
  world: world
  x: -62.52948588931089
  y: 77.0
  z: 442.7973486857835
  yaw: 48.952026
  pitch: -5.449749
