timestamps:
  login: 1336709299038
  lastteleport: 1336710697193
  logout: 1336710960530
ipAddress: 66.8.175.6
lastlocation:
  world: world
  x: 4285.300000011921
  y: 11.0
  z: -866.6999999880791
  yaw: -356.77148
  pitch: 27.300034
