timestamps:
  login: 1340686012171
  logout: 1340686119605
ipAddress: 115.188.42.23
lastlocation:
  world: world_nether
  x: 272.8100949028898
  y: 141.88477008370953
  z: 136.89023151617508
  yaw: -295.36505
  pitch: 16.050034
