timestamps:
  login: 1336655194554
  lastteleport: 1336065580315
  logout: 1336655200142
ipAddress: 62.44.222.118
lastlocation:
  world: world
  x: 3858.28354746251
  y: 71.0
  z: 321.56520173990776
  yaw: 165.6953
  pitch: 2.3999903
