timestamps:
  login: 1335403431840
  lastteleport: 1335394304906
  logout: 1335403432234
ipAddress: 184.88.178.145
lastlocation:
  world: world
  x: 743.7555103563743
  y: 73.0
  z: -1991.3212258413516
  yaw: 280.07388
  pitch: 2.850006
ban:
  reason: Retard
