timestamps:
  login: 1335043189569
  logout: 1335043333533
  lastteleport: 1334998533720
ipAddress: 71.75.29.164
lastlocation:
  world: world
  x: 1948.191237393911
  y: 63.0
  z: 750.1646050765048
  yaw: 153.08215
  pitch: -7.9810176
ban:
  reason: Spam Chat
