timestamps:
  login: 1334693001502
  lastteleport: 1334693241936
  logout: 1334693345310
ipAddress: 170.185.59.19
lastlocation:
  world: world
  x: 1489.702239213006
  y: 70.0
  z: 177.19252798047054
  yaw: 14.522217
  pitch: 25.499985
