timestamps:
  login: 1334510281601
  lastteleport: 1334510420455
  logout: 1334510870895
ipAddress: 2.96.100.28
lastlocation:
  world: world
  x: 1488.8297759808825
  y: 70.0
  z: 188.4688804990648
  yaw: -169.89514
  pitch: 15.132741
