timestamps:
  login: 1340632119363
  lastteleport: 1340409028080
  logout: 1340632260695
ipAddress: 74.56.220.88
lastlocation:
  world: world
  x: 2237.6765953550785
  y: 63.0
  z: 1316.300000011921
  yaw: 275.08527
  pitch: 32.550007
