timestamps:
  login: 1337382953318
  lastteleport: 1336337615907
  logout: 1337382967040
ipAddress: 96.20.51.55
lastlocation:
  world: world
  x: -50.5
  y: 118.62000000476837
  z: 445.5
  yaw: 0.0
  pitch: 0.0
homes:
  home:
    world: world
    x: 3315.4828046109965
    y: 16.0
    z: 2434.4967537448033
    yaw: -96.09884
    pitch: 67.20002
