timestamps:
  login: 1336388473505
  logout: 1336388704777
  lastteleport: 1336388552833
ipAddress: 79.223.181.125
lastlocation:
  world: world
  x: 3351.468208744179
  y: 43.0
  z: 1916.300000011921
  yaw: -301.10815
  pitch: 7.079212
money: 4.0
