timestamps:
  login: 1341066831264
  lastteleport: 1341067341668
  logout: 1341067595177
ipAddress: 93.163.166.142
lastlocation:
  world: world
  x: -131.97743935586516
  y: 21.0
  z: 346.4925692135466
  yaw: 77.2522
  pitch: 9.548577
