timestamps:
  login: 1335895936620
  lastteleport: 1335895948851
  logout: 1335896038506
ipAddress: 86.52.140.69
lastlocation:
  world: world
  x: 3976.073629830661
  y: 80.0
  z: 285.609080718497
  yaw: -328.55356
  pitch: 13.049872
