timestamps:
  login: 1335209700319
  logout: 1335209770168
  lastteleport: 1335209750929
ipAddress: 74.14.199.158
lastlocation:
  world: world
  x: 794.6784882890728
  y: 67.0
  z: -1998.2625266223401
  yaw: 265.3739
  pitch: 12.449977
