timestamps:
  login: 1336236025140
  lastteleport: 1335623711153
  logout: 1336236120354
ipAddress: 98.161.48.15
lastlocation:
  world: world
  x: 3861.544563415136
  y: 71.0
  z: 319.87562987117127
  yaw: 132.39563
  pitch: 17.4002
