timestamps:
  login: 1335560200576
  logout: 1335560200767
  lastteleport: 1335559078079
ipAddress: 68.199.130.204
lastlocation:
  world: world
  x: 3824.7741768484393
  y: 64.0
  z: 388.7582897672285
  yaw: 239.0454
  pitch: 16.800142
