timestamps:
  login: 1338200071972
  logout: 1338200192615
ipAddress: 98.225.35.223
lastlocation:
  world: world
  x: -196.20168943850376
  y: 76.5
  z: 282.68265602791143
  yaw: -229.44815
  pitch: 36.904476
