timestamps:
  login: 1334067806335
  lastteleport: 1334067928107
  logout: 1334068121133
ipAddress: 83.85.8.76
lastlocation:
  world: world
  x: 404.4471760831064
  y: 64.0
  z: 147.27017382800898
  yaw: -184.07208
  pitch: 15.149702
money: 0.0
