timestamps:
  login: 1336434817473
  lastteleport: 1336435149660
  logout: 1336435151350
ipAddress: 24.185.157.106
lastlocation:
  world: world
  x: 3877.699999988079
  y: 72.0
  z: 364.30000001192093
  yaw: 52.145294
  pitch: 71.7002
