timestamps:
  login: 1336511994264
  logout: 1336512312988
  lastteleport: 1336512237849
ipAddress: 24.186.14.251
lastlocation:
  world: world
  x: 1293.4695303323492
  y: 56.0
  z: 2564.1530601876098
  yaw: -205.33765
  pitch: 29.745352
