timestamps:
  login: 1336620498119
  lastteleport: 1336192394100
  logout: 1336620855097
ipAddress: 50.137.35.86
lastlocation:
  world: world
  x: 3888.8903408017563
  y: 64.0
  z: 369.3152047786604
  yaw: 111.09543
  pitch: 17.850214
