timestamps:
  login: 1335572632718
  lastteleport: 1335575738343
  logout: 1335575755179
ipAddress: 76.125.209.35
lastlocation:
  world: world
  x: 1824.6506632107453
  y: 58.0
  z: -667.9423106258869
  yaw: -65.61451
  pitch: 11.244997
