timestamps:
  login: 1335212250716
  lastteleport: 1335212575897
  logout: 1335213151134
ipAddress: 71.171.71.144
lastlocation:
  world: world
  x: 766.0561280772633
  y: 67.0
  z: -2016.7697054984974
  yaw: 103.090866
  pitch: 14.614538
