timestamps:
  login: 1335043374714
  lastteleport: 1335043301608
  logout: 1335043363927
ipAddress: 74.117.245.30
lastlocation:
  world: world
  x: 3107.7810167049643
  y: 80.0
  z: 1415.1894025892489
  yaw: -356.91418
  pitch: 13.199985
ban:
  reason: Fail.
