timestamps:
  login: 1339985424054
  lastteleport: 1339985809053
  logout: 1339985843559
ipAddress: 98.225.182.58
lastlocation:
  world: world
  x: -17.038739114224015
  y: 74.0
  z: 453.49973134867906
  yaw: -47.10003
  pitch: -8.850004
