timestamps:
  login: 1340576358025
  logout: 1340577690144
ipAddress: 99.232.5.108
lastlocation:
  world: world
  x: 69.13366552967216
  y: 74.0
  z: 541.6073356193058
  yaw: -224.84833
  pitch: 5.550002
