timestamps:
  login: 1335557318808
  logout: 1335557348543
  lastteleport: 1335557186870
ipAddress: 80.7.53.87
lastlocation:
  world: world
  x: 3912.0261702160524
  y: 87.0
  z: 230.52692197136736
  yaw: 72.115204
  pitch: -6.8973103
