timestamps:
  login: 1338454641377
  lastteleport: 1338454768621
  logout: 1338454804733
ipAddress: 98.216.0.146
lastlocation:
  world: world
  x: -134.1882926262747
  y: 77.0
  z: 344.3144001187137
  yaw: -225.54826
  pitch: 2.5002859
