timestamps:
  login: 1336338426147
  logout: 1336338790495
  lastteleport: 1336338761556
ipAddress: 108.27.252.180
lastlocation:
  world: world
  x: 2529.699999988079
  y: 64.0
  z: 1427.699999988079
  yaw: 158.03564
  pitch: 13.425214
