timestamps:
  login: 1338593057478
  logout: 1338593124250
ipAddress: 188.228.37.68
lastlocation:
  world: world
  x: -157.37060272440715
  y: 77.0
  z: 320.5127730724908
  yaw: 135.29962
  pitch: 3.300037
