timestamps:
  login: 1334101869322
  lastteleport: 1334101938715
  logout: 1334102329692
ipAddress: 24.196.85.109
lastlocation:
  world: world
  x: 402.33253641967275
  y: 68.0
  z: 166.70223490886724
  yaw: 193.08241
  pitch: 27.331198
