timestamps:
  login: 1336248288793
  logout: 1336253537022
  lastteleport: 1336253205427
ipAddress: 64.83.236.4
lastlocation:
  world: world
  x: 3891.508474926667
  y: 64.0
  z: 370.32513056988256
  yaw: 133.74544
  pitch: 22.650213
homes:
  home:
    world: world
    x: 4047.330753525789
    y: 59.0
    z: 1597.2498018454035
    yaw: -268.9685
    pitch: 22.650002
ban:
  reason: Your mean .
