timestamps:
  login: 1335208844512
  lastteleport: 1335208967193
  logout: 1335209141563
ipAddress: 86.9.116.169
lastlocation:
  world: world
  x: 764.4637629265354
  y: 67.0
  z: -2016.4087864351718
  yaw: -233.0761
  pitch: 3.4500148
money: 299.0
