timestamps:
  login: 1338677974592
  logout: 1338677978093
  lastteleport: 1334584141582
ipAddress: 69.152.216.114
lastlocation:
  world: world
  x: -73.41410404291553
  y: 77.0
  z: 405.19087575495274
  yaw: -33.75003
  pitch: 2.8499553
