timestamps:
  login: 1334872789311
  lastteleport: 1334874359536
  logout: 1334874461668
ipAddress: 173.88.234.117
lastlocation:
  world: world
  x: 1498.300000011921
  y: 84.0
  z: -187.5026475513774
  yaw: -89.43179
  pitch: 5.6434197
money: 85.0
