timestamps:
  login: 1335597414371
  lastteleport: 1335597426047
  logout: 1335597505239
ipAddress: 2.100.236.72
lastlocation:
  world: world
  x: 3600.414517023817
  y: 76.0
  z: 1883.234108347973
  yaw: 37.121887
  pitch: 43.800003
