timestamps:
  login: 1335911720049
  lastteleport: 1335911728055
  logout: 1335911795993
ipAddress: 50.45.101.45
lastlocation:
  world: world
  x: 3891.5
  y: 64.0
  z: 370.5
  yaw: 133.29544
  pitch: 25.350212
homes:
  home:
    world: world
    x: 3797.699999988079
    y: 63.0
    z: 1554.0125861534993
    yaw: -163.56946
    pitch: 32.099987
