timestamps:
  login: 1338524565164
  logout: 1338524803270
ipAddress: 98.249.210.26
lastlocation:
  world: world
  x: -17.224901550896696
  y: 77.0
  z: 411.65559189938443
  yaw: 151.35027
  pitch: 10.800021
