timestamps:
  login: 1336738919582
  lastteleport: 1336739016500
  logout: 1336739039517
ipAddress: 76.110.41.141
lastlocation:
  world: world
  x: 2140.4328811140354
  y: 70.0
  z: 349.034006230909
  yaw: -221.21419
  pitch: 6.600016
