timestamps:
  login: 1333937549415
  lastteleport: 1333937926663
  logout: 1333938323405
ipAddress: 96.228.61.170
lastlocation:
  world: world
  x: 410.11495684942156
  y: 65.0
  z: 979.5151493673175
  yaw: 80.50003
  pitch: 23.543247
