timestamps:
  login: 1333999509739
  lastteleport: 1333999600417
  logout: 1333999643434
ipAddress: 85.166.22.66
lastlocation:
  world: world
  x: 410.51869110977117
  y: 67.0
  z: 108.94293116002653
  yaw: 101.676216
  pitch: 7.1999726
