timestamps:
  login: 1336614370402
  lastteleport: 1336615524315
  logout: 1336615525889
ipAddress: 67.172.241.165
lastlocation:
  world: world
  x: 3880.4520273459307
  y: 64.0
  z: 356.657881468139
  yaw: 158.09943
  pitch: 8.426614
