timestamps:
  login: 1337333148822
  lastteleport: 1337333548957
  logout: 1337333965536
  mute: 0
ipAddress: 99.251.177.228
lastlocation:
  world: world
  x: -45.800599055256036
  y: 77.0
  z: 425.2557674625383
  yaw: 14.999836
  pitch: 35.099995
muted: true
homes:
  home:
    world: world
    x: 722.4730608503514
    y: 12.0
    z: 2162.448950371277
    yaw: 21.819458
    pitch: 28.350027
