timestamps:
  login: 1339967625461
  logout: 1339967643610
ipAddress: 76.235.240.113
lastlocation:
  world: world
  x: -63.072880499094175
  y: 74.0
  z: 445.96817518568105
  yaw: 34.499973
  pitch: -16.499994
