timestamps:
  login: 1333995612273
  lastteleport: 1333991984177
  logout: 1333995814698
ipAddress: 70.73.0.52
lastlocation:
  world: world
  x: 220.73530054130322
  y: 70.0
  z: 620.1222028400769
  yaw: -197.86584
  pitch: 13.499951
