timestamps:
  login: 1338178394903
  lastteleport: 1338114028152
  logout: 1338178403289
ipAddress: 205.200.211.214
lastlocation:
  world: world
  x: -170.87900059757516
  y: 69.0
  z: 269.468456681686
  yaw: -88.398346
  pitch: 25.188463
