timestamps:
  login: 1333942507565
  lastteleport: 1333942912297
  logout: 1333943195859
ipAddress: 75.83.88.247
lastlocation:
  world: world
  x: 393.0456148829012
  y: 65.0
  z: 992.6035449100049
  yaw: 56.228638
  pitch: -4.5000205
