timestamps:
  login: 1340587181410
  logout: 1340587232585
ipAddress: 66.27.94.253
lastlocation:
  world: world_nether
  x: 272.8100949028898
  y: 113.0
  z: 136.89023151617508
  yaw: -295.36505
  pitch: 19.710546
