timestamps:
  login: 1334438226190
  lastteleport: 1334438611937
  logout: 1334438641969
ipAddress: 71.17.24.23
lastlocation:
  world: world
  x: 2445.187950161893
  y: 44.0
  z: -679.1420041264804
  yaw: -117.57869
  pitch: 9.899996
