timestamps:
  login: 1336516171390
  lastteleport: 1336521526139
  logout: 1336521548132
ipAddress: 24.142.4.66
lastlocation:
  world: world
  x: 1287.8118886998327
  y: 62.0
  z: 2566.300000011921
  yaw: -292.59402
  pitch: 2.8865366
money: 0.0
