timestamps:
  login: 1334695972540
  lastteleport: 1334622707401
  logout: 1334696052322
ipAddress: 108.41.115.235
lastlocation:
  world: world
  x: 1501.0265775997352
  y: 70.0
  z: 176.27382139637044
  yaw: 19.92279
  pitch: 21.89344
