timestamps:
  login: 1334000987495
  lastteleport: 1334001832440
  logout: 1334001903332
ipAddress: 2.26.2.152
lastlocation:
  world: world
  x: 404.9975658633651
  y: 64.0
  z: 147.0418804362057
  yaw: -349.67242
  pitch: 9.899771
