timestamps:
  login: 1339519490015
  logout: 1339519701470
ipAddress: 91.154.204.187
lastlocation:
  world: world
  x: -46.52165339519942
  y: 77.0
  z: 426.293932129363
  yaw: -62.999996
  pitch: 12.150018
