timestamps:
  login: 1338440416276
  lastteleport: 1336170531457
  logout: 1338440424672
  mute: 0
ipAddress: 76.203.249.232
lastlocation:
  world: world
  x: -249.69999998807907
  y: 67.0
  z: 268.69999998807907
  yaw: -233.19902
  pitch: 63.9
homes:
  home:
    world: world
    x: 3924.2325292888663
    y: 117.0
    z: 344.03081829346786
    yaw: 60.845184
    pitch: 40.65015
muted: false
