timestamps:
  login: 1341001580040
  lastteleport: 1340925038982
  logout: 1341001593105
ipAddress: 68.43.128.205
lastlocation:
  world: world
  x: 543.1481237856262
  y: 70.5
  z: 733.0560202937562
  yaw: -7.9743104
  pitch: -23.099997
