timestamps:
  login: 1334191424045
  logout: 1334191613792
  lastteleport: 1334191498767
ipAddress: 24.188.55.23
lastlocation:
  world: world
  x: 403.32399679054635
  y: 67.0
  z: 119.07499998807907
  yaw: 2.5258179
  pitch: 36.14998
