timestamps:
  login: 1334694471402
  lastteleport: 1334624225383
  logout: 1334694539654
ipAddress: 68.110.154.29
lastlocation:
  world: world
  x: 3487.3195415372697
  y: 105.0
  z: 1820.952943208147
  yaw: 330.37622
  pitch: 20.32035
homes:
  home:
    world: world
    x: 3606.0673565000584
    y: 64.0
    z: 1222.6154090939217
    yaw: -46.68799
    pitch: 52.520077
