timestamps:
  login: 1334615563504
  logout: 1334615873167
  lastteleport: 1334615792154
ipAddress: 76.215.44.52
lastlocation:
  world: world
  x: 1502.2024608078916
  y: 70.0
  z: 177.32715272947954
  yaw: -101.171234
  pitch: 16.82702
