timestamps:
  login: 1340219654613
  logout: 1340219699079
ipAddress: 71.63.203.104
lastlocation:
  world: world
  x: -44.747325466085506
  y: 77.0
  z: 427.61508766654214
  yaw: 353.2519
  pitch: 28.090296
