timestamps:
  login: 1337171806580
  lastteleport: 1337172060330
  logout: 1337172177518
ipAddress: 50.92.226.203
lastlocation:
  world: world
  x: -121.6248485208133
  y: 10.0
  z: 505.6317905341296
  yaw: -1.3500977
  pitch: 31.2
money: 193.0
