timestamps:
  login: 1336249503446
  lastteleport: 1336248714949
  logout: 1336249504530
ipAddress: 72.80.146.102
lastlocation:
  world: world
  x: 3953.609141136953
  y: 87.0
  z: 213.79075822397607
  yaw: 327.84595
  pitch: 3.8999994
