timestamps:
  login: 1340033043718
  logout: 1340033240672
  lastteleport: 1339941647544
ipAddress: 195.46.241.229
lastlocation:
  world: world
  x: 66.97083481695712
  y: 20.0
  z: 293.16274252516195
  yaw: -267.8008
  pitch: 25.485945
