timestamps:
  login: 1336682300511
  lastteleport: 1335734565577
  logout: 1336682312531
ipAddress: 67.244.118.86
lastlocation:
  world: world
  x: 3861.7255040999357
  y: 70.25220334025373
  z: 312.58181479004037
  yaw: -61.55452
  pitch: 9.600215
