timestamps:
  login: 1337404025306
  logout: 1337404247947
  lastteleport: 1337403323172
  mute: 0
ipAddress: 99.236.68.94
lastlocation:
  world: world
  x: 2880.699999988079
  y: 2.0
  z: 3027.300000011921
  yaw: -290.97598
  pitch: 48.716602
muted: false
ban:
  reason: Spammer, intentions = spam only and to Argue 24/7
