timestamps:
  login: 1335906543964
  lastteleport: 1335906879686
  logout: 1335907016452
ipAddress: 8.26.245.72
lastlocation:
  world: world
  x: 3857.7401835331534
  y: 71.0
  z: 320.81486970315586
  yaw: -161.30469
  pitch: 8.100248
