timestamps:
  login: 1338376782697
  lastteleport: 1338376984435
  logout: 1338377106687
ipAddress: 24.166.189.216
lastlocation:
  world: world
  x: 3678.9552355334954
  y: 63.0
  z: -1077.9632083886027
  yaw: -186.01135
  pitch: 1.5380878
