timestamps:
  login: 1333992555438
  lastteleport: 1333992598992
  logout: 1333992628325
ipAddress: 72.131.50.46
lastlocation:
  world: world
  x: 403.35008707333617
  y: 68.0
  z: 166.65368315128038
  yaw: 196.02724
  pitch: 16.499731
