timestamps:
  login: 1338159276628
  logout: 1338159884421
  lastteleport: 1336000032847
ipAddress: 98.65.182.14
lastlocation:
  world: world
  x: 112.30000001192096
  y: 61.0
  z: 234.9331313568699
  yaw: 127.70239
  pitch: 23.850004
money: 29.0
