timestamps:
  login: 1334365759210
  lastteleport: 1334367350901
  logout: 1334367457587
ipAddress: 174.92.50.204
lastlocation:
  world: world
  x: -170.37388194214384
  y: 66.0
  z: 415.328949393342
  yaw: 290.82336
  pitch: 19.500082
homes:
  home:
    world: world
    x: 218.05213560405775
    y: 73.0
    z: 187.89609056444158
    yaw: 11.860352
    pitch: 19.350044
ban:
  reason: I said Don't grief.
