timestamps:
  login: 1340586201366
  logout: 1340586312634
ipAddress: 24.99.44.62
lastlocation:
  world: world
  x: -228.01872203203408
  y: 61.0
  z: 626.7426831913317
  yaw: 30.899967
  pitch: 70.20001
