timestamps:
  login: 1335644203224
  lastteleport: 1335644247806
  logout: 1335644302784
ipAddress: 68.146.67.185
lastlocation:
  world: world
  x: 3864.776873293752
  y: 64.0
  z: 340.1718799615692
  yaw: 58.745293
  pitch: 22.800217
money: 249.0
