timestamps:
  login: 1338684050151
  lastteleport: 1338684061235
  logout: 1338684086196
ipAddress: 81.229.122.233
lastlocation:
  world: world
  x: 940.8377328171185
  y: 71.0
  z: 1577.3007908266977
  yaw: 18.287354
  pitch: 14.476847
homes:
  home:
    world: world
    x: 386.7059162177477
    y: 57.0
    z: 1629.2742145281854
    yaw: 74.65555
    pitch: 10.7006855
money: 281.0
ban:
  reason: Temporarily banned from server for  6 days 14 hours 15 minutes 9 seconds
  timeout: 0
