timestamps:
  login: 1337921227707
  lastteleport: 1335736637471
  logout: 1337921234361
ipAddress: 173.187.234.174
lastlocation:
  world: world
  x: -45.5
  y: 121.62000000476837
  z: 444.5
  yaw: 0.0
  pitch: 0.0
homes:
  home:
    world: world
    x: 3653.5125779956006
    y: 46.0
    z: 1846.9599813404393
    yaw: -4.2783813
    pitch: 42.149975
