timestamps:
  login: 1335288026051
  logout: 1335279447837
  lastteleport: 1335278438873
ipAddress: 81.227.82.117
lastlocation:
  world: world
  x: 793.8316845865457
  y: 67.0
  z: -1997.8001568321552
  yaw: 270.11154
  pitch: 5.440222
money: 297.0
