timestamps:
  login: 1333930762329
  lastteleport: 1333927563765
  logout: 1333930763317
ipAddress: 71.253.195.112
lastlocation:
  world: world
  x: 375.5
  y: 89.5
  z: 984.5
  yaw: -191.96895
  pitch: 26.99089
