timestamps:
  login: 1334191523116
  logout: 1334192186007
  lastteleport: 1334192130684
ipAddress: 96.253.194.49
lastlocation:
  world: world
  x: 403.4061079953185
  y: 64.0
  z: 155.90151124854455
  yaw: -175.1965
  pitch: 16.932524
