timestamps:
  login: 1336526109386
  logout: 1336532799415
  lastteleport: 1336527384491
ipAddress: 67.40.84.67
lastlocation:
  world: world
  x: 3859.061809652927
  y: 71.0
  z: 320.65284245894156
  yaw: -282.3553
  pitch: 5.5499606
