timestamps:
  login: 1334413099293
  logout: 1334415025901
  lastteleport: 1334414949208
ipAddress: 94.254.110.75
lastlocation:
  world: world
  x: 2111.699999988079
  y: 69.0
  z: 650.3344254799496
  yaw: -298.86377
  pitch: 12.59989
