timestamps:
  login: 1338268955762
  logout: 1338269167257
  lastteleport: 1338269087014
ipAddress: 98.110.187.109
lastlocation:
  world: world
  x: 3679.916065174991
  y: 63.0
  z: -1036.4791866381804
  yaw: 133.63826
  pitch: 6.4880676
ban:
  reason: ''
