timestamps:
  login: 1334508985948
  logout: 1334509012517
  lastteleport: 1334508875944
ipAddress: 81.235.143.175
lastlocation:
  world: world
  x: 1489.6590373939634
  y: 70.0
  z: 191.07242659327773
  yaw: 347.5006
  pitch: 23.65703
