timestamps:
  login: 1335041581920
  lastteleport: 1335042088953
  logout: 1335042192572
ipAddress: 119.224.12.160
lastlocation:
  world: world
  x: 3717.844008914121
  y: 63.015625
  z: 1846.8490994057486
  yaw: 110.27957
  pitch: 50.25007
money: 301.0
