timestamps:
  login: 1335726128597
  logout: 1335726169562
  lastteleport: 1335726140988
ipAddress: 85.113.169.38
lastlocation:
  world: world
  x: 3892.030929748459
  y: 64.0
  z: 371.69999998807907
  yaw: 140.79543
  pitch: 21.450218
