timestamps:
  login: 1339571495769
  logout: 1339571627923
  lastteleport: 1339571548363
ipAddress: 66.164.253.248
lastlocation:
  world: world_nether
  x: 271.9572182973224
  y: 128.0
  z: 136.65393855963345
  yaw: -55.66507
  pitch: 22.950033
