timestamps:
  login: 1335890644593
  logout: 1335890911988
  lastteleport: 1335890884843
ipAddress: 95.166.148.138
lastlocation:
  world: world_nether
  x: -76.68580610519595
  y: 83.0
  z: 576.9622228815632
  yaw: 48.193787
  pitch: 34.262184
