timestamps:
  login: 1336746104867
  lastteleport: 1336746528563
ipAddress: 173.60.187.162
lastlocation:
  world: world
  x: 484.77753364900684
  y: 102.0
  z: -1261.9813179136022
  yaw: -194.70224
  pitch: 48.75004
