timestamps:
  login: 1334001546854
  lastteleport: 1334001586873
  logout: 1334001588150
ipAddress: 69.124.153.38
lastlocation:
  world: world
  x: 403.42594991080216
  y: 64.0
  z: 143.4194937978058
  yaw: -180.4724
  pitch: 26.936203
