timestamps:
  login: 1334189335405
  logout: 1334189680822
  lastteleport: 1334189617836
ipAddress: 67.168.18.217
lastlocation:
  world: world
  x: 403.15532599989257
  y: 68.0
  z: 170.58082516733907
  yaw: -176.21222
  pitch: 27.880823
