timestamps:
  login: 1337659420537
  lastteleport: 1337484034929
  logout: 1337659433152
ipAddress: 79.97.12.207
lastlocation:
  world: world
  x: 203.09356840984432
  y: 65.0
  z: 515.427603737701
  yaw: -253.00464
  pitch: 27.71727
