timestamps:
  login: 1338687110398
  logout: 1336311301306
  lastteleport: 1336119938217
ipAddress: 92.251.255.5
lastlocation:
  world: world
  x: -48.5
  y: 80.0
  z: 428.5
  yaw: 359.69998
  pitch: 2.0301342E-5
money: 500.0
