timestamps:
  login: 1335399334598
  logout: 1335399341033
  lastteleport: 1335394374116
ipAddress: 76.199.238.107
lastlocation:
  world: world
  x: 745.1586060646592
  y: 73.0
  z: -1990.544423680701
  yaw: 278.12372
  pitch: 11.100003
