timestamps:
  login: 1334885417553
  lastteleport: 1334885446889
  logout: 1334885455141
ipAddress: 67.186.124.90
lastlocation:
  world: world
  x: 3505.795165559046
  y: 105.0
  z: 1837.5924503437411
  yaw: -102.9738
  pitch: 5.920369
money: 299.0
