timestamps:
  login: 1336447567802
  lastteleport: 1334888071383
  logout: 1336447577174
ipAddress: 67.174.4.57
lastlocation:
  world: world
  x: 730.5
  y: 105.62000000476837
  z: -1997.5
  yaw: 0.0
  pitch: 0.0
homes:
  home:
    world: world
    x: 1644.1593096889549
    y: 63.0
    z: 1177.9352958549666
    yaw: 19.292473
    pitch: 22.949953
money: 699.0
