timestamps:
  login: 1336353921583
  logout: 1336354109636
  lastteleport: 1336351740449
ipAddress: 184.190.74.170
lastlocation:
  world: world
  x: 3805.300000011921
  y: 63.0
  z: 328.30000001192093
  yaw: 106.445404
  pitch: 63.600002
