timestamps:
  login: 1336262185097
  lastteleport: 1335123757055
  logout: 1336262299072
ipAddress: 75.142.109.71
lastlocation:
  world: world
  x: 3071.7906683142855
  y: 63.0
  z: 440.4340636370523
  yaw: 213.09167
  pitch: 7.134453
money: 294.0
