timestamps:
  login: 1333939776085
  lastteleport: 1333940200173
  logout: 1333940255948
ipAddress: 72.67.103.121
lastlocation:
  world: world
  x: 376.6063622465638
  y: 76.5
  z: 975.6999999880791
  yaw: 26.97882
  pitch: 13.0499935
