timestamps:
  login: 1340674968831
  logout: 1340675102832
ipAddress: 96.54.227.71
lastlocation:
  world: world
  x: -197.40130331228744
  y: 63.0
  z: 186.78321053987102
  yaw: -306.3081
  pitch: 8.490563
