timestamps:
  login: 1338245195803
  lastteleport: 1338245264593
  logout: 1338245266407
ipAddress: 71.82.73.181
lastlocation:
  world: world
  x: -49.5
  y: 80.0
  z: 428.5
  yaw: -179.64813
  pitch: 23.050251
