timestamps:
  login: 1340045921776
  lastteleport: 1340046016562
  logout: 1340046036776
ipAddress: 76.188.136.126
lastlocation:
  world: world
  x: 2850.699999988079
  y: 57.0
  z: 3040.300000011921
  yaw: -338.96872
  pitch: 80.24999
