timestamps:
  login: 1335987993932
  lastteleport: 1335988022702
  logout: 1335988675105
ipAddress: 188.23.64.73
lastlocation:
  world: world
  x: 3880.5404277667767
  y: 64.0
  z: 356.01865750365533
  yaw: 136.74547
  pitch: 27.00022
