timestamps:
  login: 1335135323342
  logout: 1335135483958
  lastteleport: 1335132771327
ipAddress: 187.144.179.98
lastlocation:
  world: world
  x: 3408.4018087082554
  y: 70.0
  z: 1809.3439892128254
  yaw: -236.78168
  pitch: 38.68652
money: 270.0
