timestamps:
  login: 1333979450748
  lastteleport: 1333979571793
  logout: 1333979643232
ipAddress: 77.106.135.149
lastlocation:
  world: world
  x: 365.43540076131154
  y: 65.0
  z: 944.3994026375328
  yaw: -268.2207
  pitch: 12.000014
