timestamps:
  login: 1334079959585
  lastteleport: 1334079997801
  logout: 1334080112185
ipAddress: 90.212.126.131
lastlocation:
  world: world
  x: 403.2084448689247
  y: 67.0
  z: 123.50127107458387
  yaw: -182.93008
  pitch: 4.5465307
