timestamps:
  login: 1335185911559
  lastteleport: 1335186865250
  logout: 1335187245287
ipAddress: 98.202.247.167
lastlocation:
  world: world
  x: 198.88666617962568
  y: 64.0
  z: 113.61975361956131
  yaw: 290.63712
  pitch: 12.171659
money: 271.0
