timestamps:
  login: 1333942479252
  lastteleport: 1333941331994
  logout: 1333943299783
ipAddress: 24.14.175.178
lastlocation:
  world: world
  x: 380.3285029738043
  y: 82.7531999805212
  z: 984.7483061114123
  yaw: 33.60445
  pitch: 15.670153
