timestamps:
  login: 1336094797728
  lastteleport: 1336095835070
  logout: 1336096096016
ipAddress: 66.222.202.127
lastlocation:
  world: world
  x: 3931.0814661877366
  y: 87.0
  z: 208.858992176748
  yaw: -51.504868
  pitch: 22.949999
