timestamps:
  login: 1335286123655
  lastteleport: 1335286231892
  logout: 1335286257883
ipAddress: 2.25.22.138
lastlocation:
  world: world
  x: 745.4041187240672
  y: 73.0
  z: -1991.481798215111
  yaw: 269.4049
  pitch: 10.541482
money: 299.0
ban:
  reason: Using fly hack mod prohibided
