timestamps:
  login: 1338608880491
  logout: 1338608894450
  lastteleport: 1338009291288
ipAddress: 98.116.37.252
lastlocation:
  world: world
  x: -169.15716907844518
  y: 77.0
  z: 307.7250076395989
  yaw: 320.60187
  pitch: 22.800016
