timestamps:
  login: 1334623405073
  lastteleport: 1334591708867
  logout: 1334623407600
ipAddress: 173.44.88.12
lastlocation:
  world: world
  x: 1498.4882364222763
  y: 70.0
  z: 179.84569479982144
  yaw: -106.82727
  pitch: 11.693485
