timestamps:
  login: 1336429359937
  lastteleport: 1336429547983
  logout: 1336429600925
ipAddress: 50.4.115.202
lastlocation:
  world: world
  x: 4060.300000011921
  y: 52.0
  z: 353.85988076448285
  yaw: 138.39459
  pitch: -41.099773
