timestamps:
  login: 1337821110092
  lastteleport: 1337821143094
  logout: 1337821212579
ipAddress: 188.228.23.42
lastlocation:
  world: world
  x: 33.51146985444631
  y: 13.0
  z: 352.1608452979976
  yaw: -197.19821
  pitch: -20.59973
