timestamps:
  login: 1335284620131
  lastteleport: 1335284391242
  logout: 1335284637837
ipAddress: 85.27.194.227
lastlocation:
  world: world
  x: 3551.699999988079
  y: 68.0
  z: 1707.148654267686
  yaw: -7.8309326
  pitch: 2.105659
money: 20.0
ban:
  reason: don't greif
