timestamps:
  login: 1341066615141
  logout: 1341066675227
  lastteleport: 1341066630465
ipAddress: 76.11.24.157
lastlocation:
  world: world
  x: -1.6005020105302346
  y: 74.5
  z: 421.21538933462443
  yaw: -264.30002
  pitch: 5.099987
