timestamps:
  login: 1333999768850
  lastteleport: 1333999866402
  logout: 1333999874140
ipAddress: 81.153.207.250
lastlocation:
  world: world
  x: 407.9306902095743
  y: 67.0
  z: 109.2388776110075
  yaw: -222.02377
  pitch: 39.74997
