timestamps:
  login: 1335121926802
  lastteleport: 1335121897053
  logout: 1335121958982
ipAddress: 108.28.150.75
lastlocation:
  world: world
  x: 3185.0591995035065
  y: 69.0
  z: 551.0724890740187
  yaw: 187.61578
  pitch: 36.89998
