timestamps:
  login: 1334880951186
  lastteleport: 1334011944341
  logout: 1334881010268
ipAddress: 67.187.172.225
lastlocation:
  world: world
  x: 1490.5
  y: 71.62000000476837
  z: -195.5
  yaw: 0.0
  pitch: 0.0
homes:
  home:
    world: world
    x: 606.5232982073494
    y: 28.0
    z: 845.5277071722865
    yaw: 37.78181
    pitch: 61.649998
