timestamps:
  login: 1334351338381
  lastteleport: 1333931322702
  logout: 1334351338888
ipAddress: 76.31.126.200
lastlocation:
  world: world
  x: 375.9057957561946
  y: 65.0
  z: 929.3633289543606
  yaw: 233.6159
  pitch: 10.78509
