timestamps:
  login: 1340979924661
  lastteleport: 1340979933378
  logout: 1340980022763
ipAddress: 82.35.213.112
lastlocation:
  world: world
  x: 514.2512203142204
  y: 63.0
  z: 721.5557208576187
  yaw: 55.32611
  pitch: 7.6500106
