timestamps:
  login: 1336955118589
  lastteleport: 1336955955378
  logout: 1336956085479
ipAddress: 24.98.248.253
lastlocation:
  world: world
  x: 787.7193108527885
  y: 63.0
  z: -1079.4168991744302
  yaw: 179.24603
  pitch: -2.9999924
