timestamps:
  login: 1338599502448
  lastteleport: 1335549295086
  logout: 1338599620646
  mute: 0
ipAddress: 174.1.27.117
lastlocation:
  world: world
  x: 4758.742400274528
  y: 49.0
  z: 501.8871998321035
  yaw: 311.5445
  pitch: -4.5984015
jailed: true
jail: jail
muted: false
