timestamps:
  login: 1340654956156
  lastteleport: 1340654431000
  logout: 1340654981528
ipAddress: 68.186.163.204
lastlocation:
  world: world
  x: -79.56587516406711
  y: 80.0
  z: 412.98966473602337
  yaw: 12.814819
  pitch: 17.500797
