timestamps:
  login: 1337357154435
  lastteleport: 1337357728181
  logout: 1337357961365
ipAddress: 110.175.244.92
lastlocation:
  world: world
  x: -167.54728568060406
  y: 76.24918707874468
  z: -101.8127262252537
  yaw: 131.3021
  pitch: 12.015986
