timestamps:
  login: 1336655799597
  lastteleport: 1336657173846
  logout: 1336657275192
ipAddress: 216.20.64.227
lastlocation:
  world: world
  x: 3902.753051800761
  y: 59.0
  z: -130.02731698357763
  yaw: -310.5391
  pitch: 70.499886
