timestamps:
  login: 1334189171369
  lastteleport: 1334189264422
  logout: 1334189395872
ipAddress: 68.63.202.248
lastlocation:
  world: world
  x: 221.76816968367245
  y: 68.0
  z: 751.2400579697229
  yaw: -201.54022
  pitch: 12.758291
