timestamps:
  login: 1338520050416
  logout: 1338520060790
  lastteleport: 1337844780230
ipAddress: 96.30.133.88
lastlocation:
  world: world
  x: 1469.6394896046115
  y: 14.0
  z: 205.8206420240142
  yaw: -60.55023
  pitch: -0.7499996
