timestamps:
  login: 1338199730915
  lastteleport: 1338199808703
  logout: 1338199839582
ipAddress: 108.230.106.10
lastlocation:
  world: world
  x: 1513.0304792659672
  y: 67.0
  z: 17.938867696531982
  yaw: -245.56372
  pitch: 15.299987
money: 1344.0
