timestamps:
  login: 1333926403540
  lastteleport: 1333925122344
  logout: 1333926484929
ipAddress: 74.179.194.82
lastlocation:
  world: world
  x: 376.01838766463317
  y: 82.0
  z: 982.7850595191336
  yaw: -214.52098
  pitch: 65.54998
