timestamps:
  login: 1336163538473
  logout: 1336163561194
  lastteleport: 1336156399728
ipAddress: 217.42.69.160
lastlocation:
  world: world
  x: 3859.1589945294186
  y: 71.0
  z: 321.3733055528056
  yaw: 177.68585
  pitch: -0.6643224
money: 0.0
