timestamps:
  login: 1335473442987
  logout: 1335473499398
  lastteleport: 1335473474897
ipAddress: 71.46.67.79
lastlocation:
  world: world
  x: 733.3000000119209
  y: 73.0
  z: -1990.433617182358
  yaw: 268.6738
  pitch: 12.1500025
money: 10.0
