timestamps:
  login: 1335908406296
  lastteleport: 1335906808386
  logout: 1335909355993
ipAddress: 82.20.30.52
lastlocation:
  world: world
  x: 700.6999999880791
  y: 61.0
  z: -1892.6847164200315
  yaw: -137.11005
  pitch: -75.15743
