timestamps:
  login: 1337644868810
  lastteleport: 1337646509711
  logout: 1337646776931
ipAddress: 94.7.5.22
lastlocation:
  world: world
  x: -45.000173956505876
  y: 74.5
  z: 436.16484573990755
  yaw: -5.4001493
  pitch: 4.6499524
homes:
  home:
    world: world
    x: 3154.952258326661
    y: 64.0
    z: 3047.523789325228
    yaw: -306.9296
    pitch: 6.732157
