timestamps:
  login: 1340675541538
  lastteleport: 1340675682201
  logout: 1340675714605
ipAddress: 173.246.198.122
lastlocation:
  world: world_nether
  x: 274.1229369200276
  y: 129.0
  z: 138.25600331202827
  yaw: -326.08508
  pitch: 10.520433
