timestamps:
  login: 1336920499430
  lastteleport: 1336841357932
  logout: 1336920926277
ipAddress: 86.186.10.218
lastlocation:
  world: world
  x: 788.811939670926
  y: 64.5
  z: -1095.3078905393022
  yaw: -237.90402
  pitch: -5.999991
