timestamps:
  login: 1334443554896
  lastteleport: 1334444255598
  logout: 1334444274813
ipAddress: 24.23.215.5
lastlocation:
  world: world
  x: 2346.4859607738326
  y: 58.0
  z: -1182.8019206223385
  yaw: -125.24788
  pitch: 5.9999824
