timestamps:
  login: 1337466094801
  lastteleport: 1337466194682
  logout: 1337466209299
ipAddress: 124.180.169.8
lastlocation:
  world: world
  x: -41.835441530658024
  y: 74.0
  z: 436.6920053699984
  yaw: -92.10028
  pitch: -5.5500574
