timestamps:
  login: 1337758863235
  logout: 1337759313296
  lastteleport: 1337690182204
ipAddress: 68.144.45.39
lastlocation:
  world: world
  x: -40.00837635731258
  y: 89.5
  z: 418.085425400041
  yaw: 321.4496
  pitch: 36.449963
