timestamps:
  login: 1339965595332
  lastteleport: 1339965827474
  logout: 1339965922178
ipAddress: 156.34.62.144
lastlocation:
  world: world
  x: -62.30000001192093
  y: 74.5
  z: 399.65340780120533
  yaw: -94.16749
  pitch: -47.625576
