timestamps:
  login: 1335468005266
  logout: 1335468363636
  lastteleport: 1335468284146
ipAddress: 213.65.219.24
lastlocation:
  world: world
  x: 3800.2235239789197
  y: 64.0
  z: 1926.2621908132603
  yaw: -194.21262
  pitch: 26.48994
money: 210.0
