timestamps:
  login: 1336412005674
  lastteleport: 1336412208094
  logout: 1336412220289
ipAddress: 94.145.244.125
lastlocation:
  world: world
  x: 3364.8436912064444
  y: 65.0
  z: 1919.8085230797028
  yaw: -308.62756
  pitch: 16.500008
