timestamps:
  login: 1339968478440
  logout: 1339968503609
ipAddress: 206.192.246.138
lastlocation:
  world: world
  x: -107.99831533329308
  y: 74.0
  z: 436.16724637364007
  yaw: 172.56184
  pitch: 10.8133545
