timestamps:
  login: 1335050486718
  lastteleport: 1335050576809
  logout: 1335050678777
ipAddress: 68.200.32.219
lastlocation:
  world: world
  x: 3108.0888371087512
  y: 80.0
  z: 1416.7655389393012
  yaw: -354.07605
  pitch: 23.383898
money: 0.0
ban:
  reason: appeal on forums.
