timestamps:
  login: 1338268406564
  logout: 1338268647029
  lastteleport: 1338268637411
ipAddress: 108.41.222.113
lastlocation:
  world: world
  x: -49.07542828680033
  y: 77.0
  z: 444.2961602578193
  yaw: -23.508667
  pitch: -5.5781517
