timestamps:
  login: 1338126595026
  lastteleport: 1336166973860
  logout: 1338126598287
ipAddress: 69.172.161.116
lastlocation:
  world: world
  x: -53.95282646199181
  y: 79.0
  z: 428.1039094814391
  yaw: 106.701836
  pitch: 2.2002497
