timestamps:
  login: 1338160353670
  logout: 1338161524475
  lastteleport: 1338160721466
ipAddress: 24.78.243.30
lastlocation:
  world: world
  x: -107.30864368410003
  y: 87.0
  z: 473.7800927888481
  yaw: -289.16626
  pitch: 40.233593
