timestamps:
  login: 1341000609838
  logout: 1341001098452
  lastteleport: 1341000673243
ipAddress: 173.67.124.200
lastlocation:
  world: world
  x: 398.4354005530782
  y: 61.20000004768379
  z: 716.2133830238683
  yaw: -148.52524
  pitch: 3.150037
