timestamps:
  login: 1336670044894
  lastteleport: 1336670483621
  logout: 1336670956614
ipAddress: 217.157.171.22
lastlocation:
  world: world
  x: 3890.763406735998
  y: 64.0
  z: 369.5443614563814
  yaw: 136.8885
  pitch: 15.369258
