timestamps:
  login: 1340578062567
  logout: 1340578120196
ipAddress: 72.229.247.212
lastlocation:
  world: world
  x: -44.580178748736294
  y: 77.0
  z: 426.7888144942516
  yaw: 55.750805
  pitch: 21.557331
