timestamps:
  login: 1333996126043
  lastteleport: 1333995943669
  logout: 1333996135958
ipAddress: 81.158.217.166
lastlocation:
  world: world
  x: 384.02810768937036
  y: 64.0
  z: 145.8711779055941
  yaw: -82.822365
  pitch: 5.849975
money: 0.0
