timestamps:
  login: 1338458864014
  logout: 1338458929728
ipAddress: 184.66.40.173
lastlocation:
  world: world
  x: -26.4023645981405
  y: 95.0
  z: 463.30000001192093
  yaw: 238.91685
  pitch: 15.119144
