timestamps:
  login: 1338195091398
  logout: 1338195169173
  lastteleport: 1337670200651
ipAddress: 216.252.39.96
lastlocation:
  world: world
  x: -207.4834922929306
  y: 66.0
  z: 587.6245460572936
  yaw: 67.64986
  pitch: 13.799975
