timestamps:
  login: 1337308001755
  lastteleport: 1337308012451
  logout: 1337309000941
ipAddress: 90.225.86.7
lastlocation:
  world: world
  x: -45.21331355783387
  y: 77.0
  z: 424.927128729879
  yaw: 167.09987
  pitch: 25.349955
