timestamps:
  login: 1334068573447
  lastteleport: 1334068596797
  logout: 1334068716524
ipAddress: 91.214.88.69
lastlocation:
  world: world
  x: 403.50500167645146
  y: 64.0
  z: 145.54934480578657
  yaw: -180.6113
  pitch: 8.695178
