timestamps:
  login: 1335334533909
  lastteleport: 1335335420075
  logout: 1335335472319
ipAddress: 122.107.224.96
lastlocation:
  world: world
  x: 735.1540716167536
  y: 73.0
  z: -1990.7070422382767
  yaw: 94.87762
  pitch: 2.26159
