timestamps:
  login: 1336073027914
  lastteleport: 1336073085314
  logout: 1336073134057
ipAddress: 170.185.214.17
lastlocation:
  world: world
  x: 699.3813165981479
  y: 67.0
  z: -1887.1643412233523
  yaw: 313.2245
  pitch: 15.749986
