timestamps:
  login: 1337656410114
  lastteleport: 1337656835081
  logout: 1337657098103
ipAddress: 98.22.239.203
lastlocation:
  world: world
  x: -49.739839624296664
  y: 14.058803128025438
  z: 463.9538523531535
  yaw: 72.14981
  pitch: 6.899965
