timestamps:
  login: 1335394695861
  lastteleport: 1335395497298
  logout: 1335395630991
ipAddress: 72.93.245.89
lastlocation:
  world: world
  x: 733.7109448727032
  y: 73.0
  z: -1989.6755496744347
  yaw: 261.4878
  pitch: -1.9652463
