timestamps:
  login: 1333990031075
  lastteleport: 1333990130186
  logout: 1333990131435
ipAddress: 24.141.24.216
lastlocation:
  world: world
  x: 256.3000000119209
  y: 60.0
  z: 698.6999999880791
  yaw: -354.11365
  pitch: -69.6522
