timestamps:
  login: 1334154954481
  lastteleport: 1334155811395
  logout: 1334156042286
ipAddress: 50.92.214.179
lastlocation:
  world: world
  x: 372.66773440602265
  y: 64.0
  z: 190.89997152149832
  yaw: -157.22192
  pitch: 15.149758
