timestamps:
  login: 1333991313756
  lastteleport: 1333991852132
  logout: 1333991984001
ipAddress: 212.139.110.223
lastlocation:
  world: world
  x: 116.59594842652221
  y: 90.92159999847412
  z: 863.5521823903103
  yaw: -256.54742
  pitch: 85.05
