timestamps:
  login: 1338682323213
  lastteleport: 1338250726713
  logout: 1338682357899
ipAddress: 99.108.102.55
lastlocation:
  world: world
  x: 1023.3352198323872
  y: 64.0
  z: -88.92654439728408
  yaw: -114.84775
  pitch: -17.699995
money: 50.0
