timestamps:
  login: 1341096379754
  lastteleport: 1341073154469
  logout: 1341096485510
ipAddress: 108.34.203.248
lastlocation:
  world: world
  x: 2516.705174324363
  y: 61.0
  z: 1138.1744391699308
  yaw: -228.15186
  pitch: 33.599945
