timestamps:
  login: 1335554472686
  lastteleport: 1335555415171
  logout: 1335555474074
ipAddress: 142.27.171.3
lastlocation:
  world: world
  x: 3865.699999988079
  y: 73.0
  z: 319.63681093011434
  yaw: -124.25448
  pitch: -3.7497854
