timestamps:
  login: 1334376268323
  lastteleport: 1334376351330
  logout: 1334376382943
  mute: 0
ipAddress: 24.176.193.134
lastlocation:
  world: world
  x: 402.62087524249034
  y: 68.0
  z: 196.69999998807907
  yaw: -180.47247
  pitch: 21.749731
homes:
  home:
    world: world
    x: 219.25466267585767
    y: 66.0
    z: 715.0652749066456
    yaw: 179.74783
    pitch: -3.348216
muted: true
