timestamps:
  login: 1338649204397
  lastteleport: 1338030472462
  logout: 1338649229065
ipAddress: 72.39.87.188
lastlocation:
  world: world
  x: -84.92500001192093
  y: 77.0
  z: 369.92500001192093
  yaw: 144.23653
  pitch: -5.3455124
