timestamps:
  login: 1340740439625
  logout: 1340740504890
ipAddress: 199.164.253.2
lastlocation:
  world: world
  x: -49.73095490467967
  y: 74.0
  z: 410.2553663416336
  yaw: 170.4002
  pitch: 10.650004
