timestamps:
  login: 1335591736754
  logout: 1335591753826
  lastteleport: 1335401799956
ipAddress: 98.114.59.213
lastlocation:
  world: world
  x: 765.5482028688577
  y: 67.0
  z: -2014.1086915420863
  yaw: 178.07362
  pitch: 3.6000113
money: 50.0
