timestamps:
  login: 1334067604557
  lastteleport: 1334067667211
  logout: 1334067791133
ipAddress: 109.150.254.8
lastlocation:
  world: world
  x: 376.81493676187205
  y: 64.0
  z: 151.9612026713272
  yaw: -304.5228
  pitch: 19.199726
money: 0.0
