timestamps:
  login: 1335386664422
  lastteleport: 1335389666718
  logout: 1335389850764
ipAddress: 78.70.131.241
lastlocation:
  world: world
  x: 780.4851878628422
  y: 67.0
  z: -1997.5122811146016
  yaw: 263.38055
  pitch: 2.2936172
money: 80.0
