timestamps:
  login: 1335807790926
  lastteleport: 1335703216566
  logout: 1335807791502
ipAddress: 167.206.137.51
lastlocation:
  world: world
  x: 3859.5356605983366
  y: 71.0
  z: 320.8168324341289
  yaw: 186.48553
  pitch: 10.455749
