timestamps:
  login: 1335320347185
  lastteleport: 1335116891526
  logout: 1335320347855
ipAddress: 65.113.116.229
lastlocation:
  world: world
  x: 3186.076212229712
  y: 74.0
  z: 566.6536076680118
  yaw: 25.127512
  pitch: -5.0609784
