timestamps:
  login: 1336614087775
  logout: 1336614334042
  lastteleport: 1336614128102
ipAddress: 76.166.239.75
lastlocation:
  world: world
  x: 3896.630296216561
  y: 86.0
  z: 333.89035079559756
  yaw: 290.33145
  pitch: 47.93878
money: 0.0
