timestamps:
  login: 1333992726699
  lastteleport: 1333991399980
  logout: 1333992728275
ipAddress: 86.139.58.244
lastlocation:
  world: world
  x: 228.82452051875208
  y: 67.0
  z: 730.3000000119209
  yaw: 344.3799
  pitch: 5.8500075
