timestamps:
  login: 1336088695692
  logout: 1336089026021
  lastteleport: 1336088714472
ipAddress: 71.79.246.35
lastlocation:
  world: world
  x: 3879.44301569691
  y: 64.0
  z: 352.94785582598155
  yaw: 150.54558
  pitch: 12.000228
