timestamps:
  login: 1334996835345
  lastteleport: 1334998139866
  logout: 1334998472066
ipAddress: 108.225.86.5
lastlocation:
  world: world
  x: 3020.29950699447
  y: 62.0
  z: 1465.4005997378124
  yaw: 355.43564
  pitch: -13.650012
