timestamps:
  login: 1335894827099
  lastteleport: 1335895378657
  logout: 1335895448543
ipAddress: 142.162.155.149
lastlocation:
  world: world
  x: 3868.611188850211
  y: 64.0
  z: 475.39691744767754
  yaw: 148.44551
  pitch: 10.800216
