timestamps:
  login: 1336167941110
  lastteleport: 1336170800409
  logout: 1336171241399
ipAddress: 75.162.18.139
lastlocation:
  world: world
  x: 3891.1446794956914
  y: 64.0
  z: 369.36048254279905
  yaw: 113.34544
  pitch: 27.750212
