timestamps:
  login: 1335405979916
  lastteleport: 1335406803013
  logout: 1335406916201
ipAddress: 70.49.235.114
lastlocation:
  world: world
  x: 739.5751066832436
  y: 73.0
  z: -1990.8024800339508
  yaw: 247.84201
  pitch: 13.955411
