timestamps:
  login: 1334707209418
  logout: 1334707401219
  lastteleport: 1334707369220
ipAddress: 12.231.150.137
lastlocation:
  world: world
  x: 1486.2983125752462
  y: 70.0
  z: 180.7742523695119
  yaw: -130.37769
  pitch: 9.300016
