timestamps:
  login: 1338068270703
  lastteleport: 1338068287024
  logout: 1338068481605
ipAddress: 74.209.37.89
lastlocation:
  world: world
  x: -49.8778469236877
  y: 80.0
  z: 428.08891074899105
  yaw: -179.64813
  pitch: 23.050251
