timestamps:
  login: 1334380421877
  logout: 1334380500618
  lastteleport: 1334380494332
ipAddress: 71.17.24.23
lastlocation:
  world: world
  x: 376.7020388619588
  y: 70.0
  z: 977.3000000119209
  yaw: 147.27911
  pitch: -1.2000239
