timestamps:
  login: 1336512104847
  lastteleport: 1336512040350
  logout: 1336512132433
ipAddress: 74.179.195.85
lastlocation:
  world: world
  x: 3857.994849951773
  y: 71.0
  z: 320.6285985912044
  yaw: 175.66959
  pitch: 10.100944
