timestamps:
  login: 1336597288647
  lastteleport: 1336598302213
  logout: 1336599233635
ipAddress: 68.83.116.15
lastlocation:
  world: world_nether
  x: 106.9967928442624
  y: 47.875
  z: 525.8680566411135
  yaw: -84.49924
  pitch: 61.049976
ban:
  reason: Spam.
