timestamps:
  login: 1334084251444
  logout: 1334084413400
  lastteleport: 1334084336266
ipAddress: 151.25.78.63
lastlocation:
  world: world
  x: 403.8247794388363
  y: 68.0
  z: 167.63736956502177
  yaw: -178.52248
  pitch: 23.849737
