timestamps:
  login: 1338128551606
  lastteleport: 1337924335789
  logout: 1338128563053
ipAddress: 75.108.237.89
lastlocation:
  world: world
  x: -86.28660578630881
  y: 84.0
  z: 470.4096812047087
  yaw: -206.9198
  pitch: 49.709145
nickname: ยง6Caleb_Chu
ban:
  reason: Temporarily banned from server for  42952 years 12 months 1 day 23 hours 59 minutes 59 seconds
  timeout: 1356801569795583
