timestamps:
  login: 1333926869055
  lastteleport: 1333927811390
  logout: 1333927860741
ipAddress: 177.99.140.61
lastlocation:
  world: world
  x: 407.5534140115903
  y: 64.0
  z: 507.9378228460154
  yaw: -73.07348
  pitch: 25.799994
homes:
  home:
    world: world
    x: 407.2827558417553
    y: 64.0
    z: 507.5231545105982
    yaw: -168.92352
    pitch: 12.749994
