timestamps:
  login: 1340218115710
  logout: 1340218123994
ipAddress: 146.115.181.37
lastlocation:
  world: world
  x: -48.76678102614974
  y: 74.0
  z: 420.2256122838526
  yaw: 140.24994
  pitch: 20.250002
ban:
  reason: ''
