timestamps:
  login: 1335289170144
  lastteleport: 1335289420045
  logout: 1335289444630
ipAddress: 79.250.110.233
lastlocation:
  world: world
  x: 759.3495218631665
  y: 64.0
  z: -2072.010634147753
  yaw: 141.62354
  pitch: 24.00004
