timestamps:
  login: 1336903261366
  lastteleport: 1335345392900
  logout: 1336903304928
ipAddress: 124.150.85.67
lastlocation:
  world: world
  x: 3082.3053520546637
  y: 72.0
  z: 803.9489399576016
  yaw: -79.31432
  pitch: 24.19681
money: 298.0
