timestamps:
  login: 1341013159546
  logout: 1341013185177
  lastteleport: 1340919665842
ipAddress: 211.30.4.52
lastlocation:
  world: world
  x: 1610.761425538856
  y: 63.0
  z: 657.702710640856
  yaw: 98.169464
  pitch: 20.874409
