timestamps:
  login: 1335740428312
  lastteleport: 1335741025477
  logout: 1335741850520
ipAddress: 207.255.74.40
lastlocation:
  world: world
  x: 3889.138695601736
  y: 64.0
  z: 368.1187749447592
  yaw: 132.99545
  pitch: 11.850219
money: 55.0
