timestamps:
  login: 1335054486888
  lastteleport: 1335054239176
  logout: 1335054594392
ipAddress: 76.212.228.77
lastlocation:
  world: world
  x: 3055.9230514394812
  y: 62.0
  z: 1476.9642693254282
  yaw: -193.41437
  pitch: 18.149982
money: 299.0
ban:
  reason: Hacker
