timestamps:
  login: 1335704685016
  lastteleport: 1335704843467
  logout: 1335704907107
ipAddress: 89.18.113.9
lastlocation:
  world: world
  x: 3498.5
  y: 105.0
  z: 1815.5
  yaw: -359.47815
  pitch: -7.813456
money: 0.0
