timestamps:
  login: 1335632431719
  lastteleport: 1335558789149
  logout: 1335632533028
ipAddress: 71.178.106.240
lastlocation:
  world: world
  x: 3865.101461258616
  y: 64.0
  z: 331.4277125733602
  yaw: 140.4073
  pitch: 18.27718
