timestamps:
  login: 1337470190681
  logout: 1337470191850
  lastteleport: 1336693021911
ipAddress: 74.111.188.148
lastlocation:
  world: world
  x: -41.5
  y: 117.02739540713331
  z: 427.5
  yaw: 0.37378883
  pitch: 2.4296274
