timestamps:
  login: 1336515714298
  logout: 1336515672433
  lastteleport: 1336515715927
ipAddress: 108.29.45.112
lastlocation:
  world: world
  x: 3891.5
  y: 64.0
  z: 370.5
  yaw: 136.59544
  pitch: 20.100214
money: 299.0
