timestamps:
  login: 1338186885646
  lastteleport: 1336704498271
  logout: 1338186885704
ipAddress: 86.170.209.186
lastlocation:
  world: world
  x: -49.5
  y: 80.0
  z: 428.5
  yaw: -179.64813
  pitch: 23.050251
money: 299.0
homes:
  home:
    world: world
    x: 531.9461359200757
    y: 64.0
    z: 191.0132191663222
    yaw: 98.91901
    pitch: 26.148859
