timestamps:
  login: 1337062332135
  logout: 1337062570033
  lastteleport: 1337062443267
ipAddress: 124.185.85.4
lastlocation:
  world: world
  x: 679.3000000119209
  y: 51.0
  z: -1085.3682641978673
  yaw: -269.74454
  pitch: 67.64999
