timestamps:
  login: 1336189302599
  lastteleport: 1336189482406
  logout: 1336189830844
ipAddress: 68.96.249.97
lastlocation:
  world: world
  x: 3875.4721497641585
  y: 69.0
  z: 413.49931491817483
  yaw: 94.89569
  pitch: -59.999855
