timestamps:
  login: 1333991109050
  lastteleport: 1333991856135
  logout: 1333991926315
ipAddress: 91.150.228.212
lastlocation:
  world: world
  x: 404.92171660203763
  y: 64.0
  z: 149.13052025858872
  yaw: -34.178528
  pitch: 17.85006
