timestamps:
  login: 1336240955660
  lastteleport: 1336241163539
  logout: 1336241779081
ipAddress: 97.71.23.232
lastlocation:
  world: world
  x: 3877.011773538376
  y: 87.0
  z: 244.14624027871758
  yaw: 323.79694
  pitch: 13.050227
