timestamps:
  login: 1334590319070
  lastteleport: 1334593273461
  logout: 1334594216407
ipAddress: 81.132.109.77
lastlocation:
  world: world
  x: 1487.3813186669001
  y: 70.0
  z: 193.8813745374794
  yaw: -138.74605
  pitch: 11.945677
