timestamps:
  login: 1334363116457
  lastteleport: 1333940417099
  logout: 1334363185921
ipAddress: 68.118.209.176
lastlocation:
  world: world
  x: 376.9916308048872
  y: 65.0
  z: 936.401737012848
  yaw: 185.07916
  pitch: 4.4999847
