timestamps:
  login: 1341003776484
  lastteleport: 1340873833069
  logout: 1341003813819
ipAddress: 99.160.248.197
lastlocation:
  world: world
  x: 2801.484263603927
  y: 133.0
  z: 1213.699999988079
  yaw: -185.1226
  pitch: 10.290699
homes:
  home:
    world: world
    x: 2804.258626202573
    y: 133.0
    z: 1214.102796130648
    yaw: 112.432785
    pitch: 33.000008
