timestamps:
  login: 1338595982870
  logout: 1338595995635
  lastteleport: 1338585898461
ipAddress: 84.234.173.129
lastlocation:
  world: world_nether
  x: 128.07386519561507
  y: 128.0
  z: 177.8320285356336
  yaw: -119.86819
  pitch: 2.3999643
