timestamps:
  login: 1336185377166
  lastteleport: 1336185592990
  logout: 1336185769677
ipAddress: 70.75.236.209
lastlocation:
  world: world
  x: 3859.588975501678
  y: 71.0
  z: 320.42825915407434
  yaw: 202.74518
  pitch: 6.300019
