timestamps:
  login: 1334979130170
  lastteleport: 1334979189451
  logout: 1334979230232
ipAddress: 124.177.117.161
lastlocation:
  world: world
  x: 3108.2178382184666
  y: 80.0
  z: 1422.0319016515693
  yaw: -356.91418
  pitch: -10.800018
