timestamps:
  login: 1338609408146
  logout: 1338609721313
  lastteleport: 1338609675841
ipAddress: 173.168.75.243
lastlocation:
  world: world_nether
  x: 272.8100949028898
  y: 128.0
  z: 136.89023151617508
  yaw: -295.36505
  pitch: 16.050034
