timestamps:
  login: 1336929778465
  logout: 1336930021696
  lastteleport: 1336926085202
ipAddress: 216.115.141.171
lastlocation:
  world: world
  x: 3839.5520758821885
  y: 79.0
  z: 317.4161463389773
  yaw: 74.99493
  pitch: 57.519897
