timestamps:
  login: 1338456737171
  lastteleport: 1337413037579
  logout: 1338456754778
ipAddress: 68.43.241.130
lastlocation:
  world: world
  x: -16.436709717969585
  y: 77.0
  z: 395.883837087188
  yaw: -333.1051
  pitch: 27.823204
