timestamps:
  login: 1335410682862
  lastteleport: 1335410282919
  logout: 1335410694955
ipAddress: 71.231.192.79
lastlocation:
  world: world
  x: 120.08311666682158
  y: 65.0
  z: 136.30000001192093
  yaw: -190.80008
  pitch: 28.80002
money: 150.0
