timestamps:
  login: 1338531347951
  logout: 1338370454723
  lastteleport: 1338531393061
ipAddress: 66.69.211.101
lastlocation:
  world: world
  x: -78.43422550171975
  y: 84.0
  z: 465.5795494092047
  yaw: -246.09828
  pitch: 6.100257
