timestamps:
  login: 1335217363952
  lastteleport: 1335217057802
  logout: 1335217356084
ipAddress: 99.144.179.128
lastlocation:
  world: world
  x: 791.9011279986394
  y: 67.0
  z: -2003.1892807940196
  yaw: 213.32481
  pitch: 7.570302
