timestamps:
  login: 1338652859925
  lastteleport: 1338652955923
  logout: 1338653054142
ipAddress: 220.245.52.152
lastlocation:
  world: world
  x: 30.11530540083437
  y: 65.0
  z: -366.9678515742373
  yaw: -337.19998
  pitch: 24.599997
