timestamps:
  login: 1335211580415
  lastteleport: 1335211702847
  logout: 1335211711091
ipAddress: 81.109.45.246
lastlocation:
  world: world
  x: 774.9870509920694
  y: 67.0
  z: -1996.0455222132596
  yaw: 269.52472
  pitch: 4.104802
money: 299.0
