timestamps:
  login: 1340585698270
  logout: 1340585822585
ipAddress: 66.219.227.217
lastlocation:
  world: world
  x: -109.30000001192093
  y: 94.5
  z: 424.30000001192093
  yaw: -86.69408
  pitch: -11.490829
