timestamps:
  login: 1334667026554
  lastteleport: 1334667426672
  logout: 1334667476314
ipAddress: 99.73.136.182
lastlocation:
  world: world
  x: 1500.7571186994267
  y: 70.0
  z: 178.26259166104964
  yaw: -89.173645
  pitch: -3.3616602
