timestamps:
  login: 1341072913823
  lastteleport: 1341072933272
  logout: 1341072955176
ipAddress: 174.3.182.162
lastlocation:
  world: world
  x: -17.77779523560252
  y: 74.5
  z: 459.8648525022326
  yaw: -84.000015
  pitch: 14.550027
