timestamps:
  login: 1337517045437
  lastteleport: 1337517683598
  logout: 1337517810286
ipAddress: 72.193.220.216
lastlocation:
  world: world
  x: -56.736841093052
  y: 74.0
  z: 473.54539788782716
  yaw: 109.65039
  pitch: -10.350063
