timestamps:
  login: 1340731670542
  logout: 1340732004604
ipAddress: 2.96.253.8
lastlocation:
  world: world
  x: -48.50953155655649
  y: 74.0
  z: 500.9324977632408
  yaw: -295.64996
  pitch: 2.0999956
