timestamps:
  login: 1335657578947
  lastteleport: 1335494610106
  logout: 1335657613188
ipAddress: 75.143.145.145
lastlocation:
  world: world
  x: 3891.508474926667
  y: 64.0
  z: 370.32513056988256
  yaw: 136.59544
  pitch: 20.100214
money: 295.0
