timestamps:
  login: 1335493566887
  lastteleport: 1335493676723
  logout: 1335493684018
ipAddress: 75.152.185.65
lastlocation:
  world: world
  x: 3928.2626786788614
  y: 81.0
  z: 309.415869298431
  yaw: -106.628136
  pitch: 24.332062
