timestamps:
  login: 1335129832448
  lastteleport: 1335131254458
  logout: 1335131258786
ipAddress: 24.47.147.73
lastlocation:
  world: world
  x: 3247.5671632027284
  y: 66.0
  z: 1784.5599749352498
  yaw: -81.52997
  pitch: 8.536561
money: 298.0
