timestamps:
  login: 1333990580945
  logout: 1333990776401
  lastteleport: 1333990744614
ipAddress: 12.169.179.2
lastlocation:
  world: world
  x: 403.0347622234637
  y: 68.0
  z: 194.99722773754246
  yaw: -181.82239
  pitch: 20.999725
