timestamps:
  login: 1334433412769
  lastteleport: 1334433475356
  logout: 1334433538265
ipAddress: 67.180.179.150
lastlocation:
  world: world
  x: 1488.4125623819039
  y: 70.0
  z: 194.84295097144067
  yaw: -176.12802
  pitch: -10.206571
