timestamps:
  login: 1340633244576
  logout: 1340633460696
  lastteleport: 1339531271110
ipAddress: 98.253.46.153
lastlocation:
  world: world
  x: 2107.435295406638
  y: 64.0
  z: 1002.6841591183509
  yaw: 100.19765
  pitch: 19.799904
