timestamps:
  login: 1340591563107
  logout: 1340591642584
ipAddress: 58.172.136.251
lastlocation:
  world: world
  x: 15.398647669592407
  y: 12.0
  z: 332.2702830507391
  yaw: 172.66725
  pitch: 0.5571351
