timestamps:
  login: 1340562869816
  logout: 1340563005020
ipAddress: 31.192.203.184
lastlocation:
  world: world
  x: -274.20762389932344
  y: 73.0
  z: 268.3105009945705
  yaw: -247.65082
  pitch: 7.200009
