timestamps:
  login: 1338332535411
  logout: 1338332547190
ipAddress: 90.224.146.214
lastlocation:
  world: world
  x: -49.5
  y: 80.0
  z: 428.5
  yaw: -179.64813
  pitch: 23.050251
