timestamps:
  login: 1336054267219
  lastteleport: 1336055044518
  logout: 1336055204612
ipAddress: 87.100.145.196
lastlocation:
  world: world
  x: 3581.4679578251303
  y: 19.0
  z: 1891.300000011921
  yaw: -180.90999
  pitch: 27.141844
