timestamps:
  login: 1338295274702
  logout: 1338295838760
  lastteleport: 1335395863070
ipAddress: 76.89.138.91
lastlocation:
  world: world
  x: -61.19595257524017
  y: 77.0
  z: 422.28801296473716
  yaw: -331.03256
  pitch: -37.877327
