timestamps:
  login: 1340674957821
  logout: 1340675077832
ipAddress: 67.252.185.90
lastlocation:
  world: world
  x: 13.817469245302293
  y: 74.5
  z: 432.45796542297103
  yaw: 47.73489
  pitch: -0.5242007
