timestamps:
  login: 1336241626189
  lastteleport: 1336241767294
  logout: 1336241794078
ipAddress: 97.71.23.232
lastlocation:
  world: world
  x: 3890.5964273579034
  y: 64.0
  z: 368.7637349158144
  yaw: 111.99542
  pitch: 13.200222
