timestamps:
  login: 1334078710621
  lastteleport: 1334065907542
  logout: 1334078718186
ipAddress: 217.133.24.166
lastlocation:
  world: world
  x: 403.49114361173804
  y: 67.0
  z: 121.79419067525902
  yaw: -180.47302
  pitch: -0.6002294
