timestamps:
  login: 1336487378102
  lastteleport: 1336487781861
  logout: 1336487839801
ipAddress: 84.217.9.32
lastlocation:
  world: world
  x: 3885.7981594264356
  y: 64.0
  z: 363.05435318863937
  yaw: 152.1954
  pitch: -1.0497861
