timestamps:
  login: 1334516517816
  logout: 1334516643903
  lastteleport: 1334516605665
ipAddress: 85.210.102.41
lastlocation:
  world: world
  x: 1501.5721143764777
  y: 70.0
  z: 178.36165962846064
  yaw: -88.52869
  pitch: 1.1934419
