timestamps:
  login: 1336664023471
  lastteleport: 1336665996016
  logout: 1336666506564
ipAddress: 83.250.148.2
lastlocation:
  world: world
  x: 3526.7569604140626
  y: 71.0
  z: 1867.3848338743012
  yaw: 40.493927
  pitch: 75.69074
