timestamps:
  login: 1340478965991
  logout: 1340479073910
ipAddress: 200.97.142.69
lastlocation:
  world: world
  x: -15.531550652429285
  y: 74.0
  z: 452.1367414285874
  yaw: -110.756386
  pitch: 15.676805
