timestamps:
  login: 1335906257832
  lastteleport: 1335902810228
  logout: 1335906305158
ipAddress: 76.204.114.245
lastlocation:
  world: world
  x: 3880.7170500088773
  y: 64.0
  z: 356.3666334709555
  yaw: 151.27522
  pitch: 27.368847
