timestamps:
  login: 1338276349067
  logout: 1338276416776
  lastteleport: 1338276356651
ipAddress: 72.89.133.199
lastlocation:
  world: world
  x: 173.91396435768505
  y: 64.0
  z: 229.4145033430661
  yaw: -170.49815
  pitch: 15.850238
