timestamps:
  login: 1337657754598
  lastteleport: 1337399897129
  logout: 1337657788102
ipAddress: 74.57.247.163
lastlocation:
  world: world
  x: -45.62657672574919
  y: 77.0
  z: 429.40871550659693
  yaw: -168.90015
  pitch: 16.049953
