timestamps:
  login: 1336254818435
  lastteleport: 1336258100027
  logout: 1336258122072
ipAddress: 67.246.58.85
lastlocation:
  world: world
  x: 3487.51603820441
  y: 60.0
  z: 1785.208577627074
  yaw: -195.22858
  pitch: 12.000003
