timestamps:
  login: 1335887998099
  lastteleport: 1335888346396
  logout: 1335888506938
ipAddress: 62.31.129.161
lastlocation:
  world: world
  x: 3888.693017874513
  y: 64.0
  z: 367.8950247552122
  yaw: 131.64543
  pitch: 15.000213
