timestamps:
  login: 1338188440974
  logout: 1338188449897
  lastteleport: 1336347298900
ipAddress: 98.206.175.90
lastlocation:
  world: world
  x: -43.348283128628516
  y: 86.5
  z: 425.84138193638864
  yaw: -234.09787
  pitch: 1.3002304
