timestamps:
  login: 1338113054244
  lastteleport: 1334610946205
  logout: 1338113622620
ipAddress: 99.238.195.56
lastlocation:
  world: world
  x: -184.1434282377291
  y: 69.0
  z: 932.7959938933889
  yaw: 206.57324
  pitch: 12.783642
