timestamps:
  login: 1340835142965
  logout: 1340835321826
  lastteleport: 1340835309967
ipAddress: 76.174.176.64
lastlocation:
  world: world
  x: -45.5
  y: 77.0
  z: 426.5
  yaw: -179.25002
  pitch: 25.200006
