timestamps:
  login: 1336097964829
  logout: 1336097980554
  lastteleport: 1336094481827
ipAddress: 72.236.109.250
lastlocation:
  world: world
  x: 3891.508474926667
  y: 64.0
  z: 370.32513056988256
  yaw: 133.29546
  pitch: 11.250215
