timestamps:
  login: 1334189057021
  logout: 1334189838842
  lastteleport: 1334189122319
ipAddress: 173.73.64.16
lastlocation:
  world: world
  x: 404.92501761245285
  y: 64.0
  z: 143.16003194363685
  yaw: -171.02257
  pitch: 11.549734
