timestamps:
  login: 1336918344183
  lastteleport: 1336918373713
  logout: 1336918387126
ipAddress: 75.45.2.8
lastlocation:
  world: world
  x: 2507.1918792497804
  y: 80.0
  z: 1404.4840277994447
  yaw: 310.64
  pitch: 16.650011
