timestamps:
  login: 1339992628609
  lastteleport: 1339992767107
  logout: 1339992803560
ipAddress: 69.47.189.162
lastlocation:
  world: world
  x: -138.1867614914981
  y: 74.0
  z: 333.13519314580935
  yaw: 137.25
  pitch: -2.2499943
