timestamps:
  login: 1334629064195
  lastteleport: 1334629402379
  logout: 1334629402212
ipAddress: 71.209.144.207
lastlocation:
  world: world
  x: 3587.300000011921
  y: 65.0
  z: 1813.699999988079
  yaw: 38.699867
  pitch: 15.345117
