timestamps:
  login: 1336753920068
  lastteleport: 1336754454698
  logout: 1336754531492
ipAddress: 112.198.205.185
lastlocation:
  world: world
  x: 1558.2964969156149
  y: 67.0
  z: 2566.4596743623633
  yaw: 145.44615
  pitch: 20.855759
homes:
  home:
    world: world
    x: 1574.199795423804
    y: 64.0
    z: 2125.561183614721
    yaw: -126.64377
    pitch: 1.7999418
