timestamps:
  login: 1334065407136
  lastteleport: 1334065456094
  logout: 1334065609679
ipAddress: 122.108.116.17
lastlocation:
  world: world
  x: 403.8163507825356
  y: 67.0
  z: 122.1551689062656
  yaw: -176.42244
  pitch: 26.549732
money: 50.0
