timestamps:
  login: 1335719122903
  lastteleport: 1335719305159
  logout: 1335719419095
ipAddress: 69.139.122.162
lastlocation:
  world: world
  x: 3836.308297824865
  y: 64.0
  z: 137.14245201283077
  yaw: 46.895844
  pitch: 12.600224
