timestamps:
  login: 1333983728799
  lastteleport: 1333984200924
  logout: 1333984254106
ipAddress: 109.60.9.147
lastlocation:
  world: world
  x: 237.87386144509597
  y: 68.0
  z: 699.9561320262849
  yaw: 221.34665
  pitch: 11.593242
