timestamps:
  login: 1333927223477
  lastteleport: 1333927856107
  logout: 1333928450383
ipAddress: 120.147.8.54
lastlocation:
  world: world
  x: 377.4069863622877
  y: 90.0
  z: 973.9627247280023
  yaw: -185.15288
  pitch: 50.900604
