timestamps:
  login: 1333927686407
  logout: 1333927755791
  lastteleport: 1333926566891
ipAddress: 84.49.104.248
lastlocation:
  world: world
  x: 226.18726458932844
  y: 64.0
  z: 719.7592395018337
  yaw: -49.6881
  pitch: 31.666405
