timestamps:
  login: 1337472533938
  lastteleport: 1337472694306
  logout: 1337473027461
ipAddress: 62.50.187.58
lastlocation:
  world: world
  x: -40.886546386929915
  y: 74.0
  z: 413.27330454983183
  yaw: 182.24954
  pitch: 5.2500544
