timestamps:
  login: 1336207080861
  logout: 1336207250049
  lastteleport: 1336207124173
ipAddress: 24.6.60.113
lastlocation:
  world: world
  x: 1233.5927692211637
  y: 64.0
  z: 2568.574324505996
  yaw: 276.85324
  pitch: 47.849995
homes:
  home:
    world: world
    x: -6.321539051269625
    y: 69.0
    z: 1240.0425305719043
    yaw: 281.75308
    pitch: 32.25
