timestamps:
  login: 1338563996025
  lastteleport: 1336550753982
  logout: 1338564003467
ipAddress: 121.217.183.110
lastlocation:
  world: world
  x: -50.50715339954325
  y: 77.0
  z: 440.7691043417215
  yaw: 93.14981
  pitch: 35.55003
