timestamps:
  login: 1336902503989
  lastteleport: 1336609660898
  logout: 1336902560212
ipAddress: 71.64.103.199
lastlocation:
  world: world
  x: 3362.476934563448
  y: 64.0
  z: 1795.3052728977145
  yaw: 24.072754
  pitch: 6.900021
money: 0.0
ban:
  reason: 'D:'
  timeout: 0
