timestamps:
  login: 1338188842186
  lastteleport: 1338188889714
  logout: 1338189021556
ipAddress: 72.74.217.62
lastlocation:
  world: world
  x: 2.2690585102644105
  y: 100.0
  z: 371.42082088638165
  yaw: 90.50214
  pitch: 49.499992
