timestamps:
  login: 1339345956727
  logout: 1339346022930
ipAddress: 91.125.61.57
lastlocation:
  world: world
  x: -114.79377480642393
  y: 83.0
  z: 423.07499998807907
  yaw: 345.89978
  pitch: 27.900003
