timestamps:
  login: 1336482618346
  lastteleport: 1336482716897
  logout: 1336482901555
ipAddress: 212.242.252.41
lastlocation:
  world: world
  x: 2519.887498484634
  y: 64.0
  z: 1420.9319075339681
  yaw: 163.78998
  pitch: 8.849975
