timestamps:
  login: 1340045903129
  lastteleport: 1340045987432
  logout: 1340046027432
ipAddress: 76.188.150.15
lastlocation:
  world: world
  x: 2848.300000011921
  y: 61.0
  z: 3041.5964785006236
  yaw: -80.36871
  pitch: 88.5
