timestamps:
  login: 1334061451354
  lastteleport: 1333997715250
  logout: 1334061454570
ipAddress: 90.231.112.34
lastlocation:
  world: world
  x: 405.92500001192093
  y: 64.0
  z: 157.8346069369539
  yaw: 151.9272
  pitch: 3.1497707
