timestamps:
  login: 1336063563270
  lastteleport: 1336063697515
  logout: 1336063749662
ipAddress: 67.167.236.217
lastlocation:
  world: world
  x: 3860.394817343844
  y: 71.0
  z: 320.41131372084595
  yaw: 184.14519
  pitch: -2.2498658
