timestamps:
  login: 1334001903641
  lastteleport: 1334002052396
  logout: 1334002063321
ipAddress: 82.31.232.206
lastlocation:
  world: world
  x: 406.92500001192093
  y: 67.0
  z: 103.587836387409
  yaw: 35.826782
  pitch: 28.349985
