timestamps:
  login: 1338614238170
  lastteleport: 1338615561854
  logout: 1338615624491
ipAddress: 67.247.214.126
lastlocation:
  world: world
  x: 2519.4288019987466
  y: 73.0
  z: 248.50738291601596
  yaw: 121.464294
  pitch: 13.649958
homes:
  home:
    world: world
    x: 2748.5680322189223
    y: 64.0
    z: 1367.4952327720293
    yaw: -86.1829
    pitch: 22.799997
money: 6.0
ban:
  reason: ''
