timestamps:
  login: 1335055192697
  logout: 1335055172481
  lastteleport: 1335055011114
ipAddress: 24.102.163.18
lastlocation:
  world: world
  x: 3517.4561795414634
  y: 78.0
  z: 1808.699999988079
  yaw: 64.57772
  pitch: -64.049995
