timestamps:
  login: 1335731769379
  lastteleport: 1335731637233
  logout: 1335731771269
ipAddress: 81.147.157.126
lastlocation:
  world: world
  x: 3801.028478793561
  y: 64.0
  z: 1921.519219116182
  yaw: 145.8298
  pitch: 13.800005
money: 90.0
