timestamps:
  login: 1333939398901
  lastteleport: 1333925833589
  logout: 1333939451315
ipAddress: 110.142.35.226
lastlocation:
  world: world
  x: 376.4604996247269
  y: 65.0
  z: 936.042398382197
  yaw: 164.22821
  pitch: 17.250032
