timestamps:
  login: 1335212533752
  lastteleport: 1335212652450
  logout: 1335212691087
ipAddress: 69.140.231.162
lastlocation:
  world: world
  x: 3687.657244664864
  y: 18.0
  z: 1832.4459695739902
  yaw: -281.17798
  pitch: -4.19999
money: 299.0
