timestamps:
  login: 1340217433873
  lastteleport: 1340217449262
  logout: 1340217733995
ipAddress: 89.150.218.146
lastlocation:
  world: world
  x: 336.4460082353446
  y: 64.0
  z: 629.5718796983386
  yaw: 274.04602
  pitch: 20.999989
