timestamps:
  login: 1336193640302
  logout: 1336194158218
  lastteleport: 1336193658701
ipAddress: 68.63.30.40
lastlocation:
  world: world
  x: 3880.5265119573246
  y: 81.0
  z: 316.4768487357496
  yaw: 259.1452
  pitch: 25.95018
