timestamps:
  login: 1334360792735
  lastteleport: 1334361309624
  logout: 1334361555808
ipAddress: 99.166.67.75
lastlocation:
  world: world
  x: 248.69999998807907
  y: 47.0
  z: 590.3000000119209
  yaw: -70.37018
  pitch: -56.54999
