timestamps:
  login: 1335947467043
  lastteleport: 1335754640093
  logout: 1335947569110
ipAddress: 72.199.87.247
lastlocation:
  world: world
  x: 3860.160461934715
  y: 71.0
  z: 320.44385492048514
  yaw: 190.1454
  pitch: 1.8001878
