timestamps:
  login: 1340948219803
  logout: 1340948241366
ipAddress: 101.167.22.23
lastlocation:
  world: world
  x: -41.30519236159501
  y: 75.0
  z: 421.7325040181423
  yaw: -92.99304
  pitch: 12.989388
