timestamps:
  login: 1333985372430
  lastteleport: 1333983037182
  logout: 1333985514547
ipAddress: 91.128.122.71
lastlocation:
  world: world
  x: 376.2250846295944
  y: 65.0
  z: 936.4900429462613
  yaw: 80.73749
  pitch: 41.75637
