timestamps:
  login: 1336247389440
  lastteleport: 1336247510002
  logout: 1336247744078
ipAddress: 174.92.121.232
lastlocation:
  world: world
  x: 3901.300000011921
  y: 64.0
  z: 386.45273350355336
  yaw: 123.09545
  pitch: 10.350233
money: 100.0
