timestamps:
  login: 1340998936064
  lastteleport: 1340999085924
  logout: 1340999113978
ipAddress: 184.9.147.176
lastlocation:
  world: world
  x: 531.5699690392332
  y: 79.0
  z: 758.6760061242679
  yaw: -180.11618
  pitch: 31.495012
