timestamps:
  login: 1334006063658
  lastteleport: 1334006133669
  logout: 1334006135224
ipAddress: 90.213.4.41
lastlocation:
  world: world
  x: 404.0292285367373
  y: 67.0
  z: 123.0133969018057
  yaw: -177.04999
  pitch: 5.639113
