timestamps:
  login: 1335492914211
  logout: 1335492917802
  lastteleport: 1335492243753
ipAddress: 173.22.229.197
lastlocation:
  world: world
  x: 4000.7827807035455
  y: 82.0
  z: -561.7604925908869
  yaw: -77.1026
  pitch: 23.426432
ban:
  reason: SPAM
