timestamps:
  login: 1336620109480
  logout: 1336620130047
  lastteleport: 1336620120103
ipAddress: 174.93.47.202
lastlocation:
  world: world
  x: 3885.745016780998
  y: 64.0
  z: 362.4977913180661
  yaw: 144.1333
  pitch: 16.254332
