timestamps:
  login: 1336267147303
  lastteleport: 1336267224577
  logout: 1336267249072
ipAddress: 71.201.47.211
lastlocation:
  world: world
  x: 2167.3499925860147
  y: 62.0
  z: 74.94381977913426
  yaw: 13.777203
  pitch: 5.84995
