timestamps:
  login: 1336051582882
  lastteleport: 1336052058911
  logout: 1336052242754
ipAddress: 2.30.150.237
lastlocation:
  world: world
  x: 3889.746893107457
  y: 64.0
  z: 368.56387089881565
  yaw: 137.94543
  pitch: -2.9997854
money: 199.0
