timestamps:
  login: 1336167619711
  lastteleport: 1336167646256
  logout: 1336167866449
ipAddress: 99.251.143.47
lastlocation:
  world: world
  x: 3860.6691200513205
  y: 71.0
  z: 319.829386884112
  yaw: 177.0338
  pitch: 11.813648
