timestamps:
  login: 1334442627995
  lastteleport: 1334442809513
  logout: 1334442952524
ipAddress: 213.202.156.163
lastlocation:
  world: world
  x: 1487.8831654017677
  y: 70.0
  z: 195.78076176992997
  yaw: -201.02802
  pitch: 7.0434294
