timestamps:
  login: 1340577302930
  logout: 1340577500144
ipAddress: 24.211.18.123
lastlocation:
  world: world
  x: -50.37822685297722
  y: 74.0
  z: 431.78862927607724
  yaw: -60.45001
  pitch: 13.949989
