timestamps:
  login: 1340480053121
  logout: 1340480158909
ipAddress: 72.39.7.24
lastlocation:
  world: world
  x: -57.89795955942361
  y: 74.0
  z: 360.5274577062798
  yaw: 30.646765
  pitch: 5.170048
