timestamps:
  login: 1334270910060
  lastteleport: 1334271087170
  logout: 1334271098204
ipAddress: 94.11.0.226
lastlocation:
  world: world
  x: 403.51932479360374
  y: 67.0
  z: 119.92500001192093
  yaw: -179.7226
  pitch: 8.999737
