timestamps:
  login: 1335045044689
  lastteleport: 1335045217759
  logout: 1335045659830
ipAddress: 142.162.192.76
lastlocation:
  world: world
  x: 3056.81854856723
  y: 62.0
  z: 1476.5598325934586
  yaw: -171.21417
  pitch: 14.249965
