timestamps:
  login: 1333940650990
  logout: 1333940731776
  lastteleport: 1333940054473
ipAddress: 75.93.52.153
lastlocation:
  world: world
  x: 302.62555017917646
  y: 60.0
  z: 845.659782043406
  yaw: 240.8797
  pitch: -7.0499463
