timestamps:
  login: 1336245855903
  lastteleport: 1336246075791
  logout: 1336246104078
  mute: 0
ipAddress: 67.184.161.185
lastlocation:
  world: world
  x: 1298.699999988079
  y: 58.0
  z: 2563.300000011921
  yaw: -115.920006
  pitch: 11.39387
homes:
  home:
    world: world
    x: 3329.6249984614146
    y: 14.0
    z: 1994.8650539842258
    yaw: 315.91736
    pitch: 16.47233
muted: false
