timestamps:
  login: 1337709150559
  logout: 1337709264545
  lastteleport: 1337709255563
ipAddress: 115.128.12.67
lastlocation:
  world: world
  x: 23.30000001192093
  y: 19.0
  z: 580.6999999880791
  yaw: 233.24986
  pitch: -64.05
