timestamps:
  login: 1336592314398
  lastteleport: 1336592358748
  logout: 1336592453241
ipAddress: 72.86.38.132
lastlocation:
  world: world
  x: 3864.6249718561967
  y: 64.0
  z: 338.8846184835756
  yaw: 198.39539
  pitch: 2.1002228
