timestamps:
  login: 1338246395795
  logout: 1338246662147
  lastteleport: 1337068604600
ipAddress: 72.25.44.121
lastlocation:
  world: world
  x: -87.40356107070437
  y: 83.0
  z: 495.77703414371257
  yaw: -86.698975
  pitch: 24.450005
