timestamps:
  login: 1335488315311
  lastteleport: 1335488474893
  logout: 1335488649833
ipAddress: 76.109.92.248
lastlocation:
  world: world_nether
  x: 80.30000001192093
  y: 27.0
  z: -285.33695781349064
  yaw: 65.27394
  pitch: 90.0
