timestamps:
  login: 1340581224519
  logout: 1340581225146
ipAddress: 108.210.137.24
lastlocation:
  world: world_nether
  x: 271.30000001192093
  y: 112.0
  z: 138.69999998807907
  yaw: -67.097046
  pitch: 49.169968
