timestamps:
  login: 1336209267954
  lastteleport: 1336208889406
  logout: 1336209395049
ipAddress: 87.94.224.9
lastlocation:
  world: world
  x: 3875.6318681364787
  y: 64.0
  z: 351.7725900283475
  yaw: 193.8498
  pitch: 4.037959
