timestamps:
  login: 1335556602335
  lastteleport: 1335558059040
  logout: 1335558566274
ipAddress: 76.190.215.101
lastlocation:
  world: world
  x: 651.1624834057324
  y: 68.0
  z: -1810.230950068141
  yaw: -270.27808
  pitch: 8.700028
