timestamps:
  login: 1340676869546
  logout: 1340677114654
ipAddress: 24.113.192.101
lastlocation:
  world: world
  x: 20.006339192536764
  y: 66.0
  z: 758.9055648713475
  yaw: 147.03752
  pitch: 10.355729
