timestamps:
  login: 1340261562555
  logout: 1340261590806
ipAddress: 68.118.4.124
lastlocation:
  world: world
  x: -44.47440615954885
  y: 77.0
  z: 427.0482909554825
  yaw: 19.499973
  pitch: 31.650028
