timestamps:
  login: 1334006335489
  lastteleport: 1334007115593
  logout: 1334007570117
ipAddress: 94.12.127.41
lastlocation:
  world: world
  x: 403.7357679690248
  y: 67.0
  z: 121.45140942372112
  yaw: -180.7724
  pitch: 8.099983
money: 50.0
