timestamps:
  login: 1340239799090
  lastteleport: 1340239981632
  logout: 1340240030327
ipAddress: 24.224.129.181
lastlocation:
  world: world
  x: -13.84804599486189
  y: 64.0
  z: -89.14650115759117
  yaw: -29.44397
  pitch: 40.73777
