timestamps:
  login: 1333941088440
  lastteleport: 1333941172792
  logout: 1333941406776
ipAddress: 210.86.109.230
lastlocation:
  world: world
  x: 375.30908014033844
  y: 65.0
  z: 936.3434416865293
  yaw: 186.42938
  pitch: 25.800007
