timestamps:
  login: 1333999101811
  lastteleport: 1333999114450
  logout: 1333999158939
ipAddress: 99.244.144.79
lastlocation:
  world: world
  x: 402.999975099015
  y: 68.0
  z: 181.76999628439407
  yaw: -136.9666
  pitch: 29.461096
