timestamps:
  login: 1335035803812
  lastteleport: 1335034527868
  logout: 1335035804183
ipAddress: 193.90.168.202
lastlocation:
  world: world
  x: 3056.3491222137877
  y: 62.0
  z: 1476.1222077019231
  yaw: -187.41446
  pitch: 29.549997
