timestamps:
  login: 1335433446650
  lastteleport: 1335433551269
  logout: 1335434091868
ipAddress: 93.89.116.212
lastlocation:
  world: world
  x: 1849.9534564268263
  y: 63.0
  z: -673.0363178057037
  yaw: -274.41394
  pitch: 30.599926
money: 299.0
