timestamps:
  login: 1336902556122
  lastteleport: 1336902492692
  logout: 1336903098339
ipAddress: 24.154.111.249
lastlocation:
  world: world
  x: 788.3606540824485
  y: 64.16610926093821
  z: -1073.0417010675674
  yaw: 359.2464
  pitch: 3.4500086
