timestamps:
  login: 1335906798928
  lastteleport: 1335906911614
  logout: 1335907363252
ipAddress: 50.90.110.183
lastlocation:
  world: world
  x: 3859.882250559546
  y: 71.0
  z: 321.72476070928326
  yaw: -149.45468
  pitch: 1.8002136
