timestamps:
  login: 1338289623981
  lastteleport: 1335053108173
  logout: 1338289638422
ipAddress: 99.47.39.185
lastlocation:
  world: world
  x: -198.48721607347977
  y: 72.0
  z: 276.0375588394212
  yaw: -237.89993
  pitch: 43.500023
money: 167.0
homes:
  home:
    world: world
    x: 1838.1592504185394
    y: 68.0
    z: -985.1145171068337
    yaw: 77.78531
    pitch: 17.249968
ban:
  reason: Temporarily banned from server for  2 hours 46 minutes 40 seconds
  timeout: 0
