timestamps:
  login: 1335988943724
  logout: 1335989363919
  lastteleport: 1335988966232
ipAddress: 99.250.171.22
lastlocation:
  world: world
  x: 3879.7625959914967
  y: 64.0
  z: 353.43221159497426
  yaw: 147.8454
  pitch: 14.700215
