timestamps:
  login: 1335021217940
  lastteleport: 1334515216971
  logout: 1335021318756
ipAddress: 69.165.141.18
lastlocation:
  world: world
  x: 1491.5256564142653
  y: 70.0
  z: 166.69999998807907
  yaw: -140.49847
  pitch: -2.0081916
