timestamps:
  login: 1338524895628
  logout: 1338525038270
ipAddress: 108.52.113.196
lastlocation:
  world: world
  x: -1.4109284620259825
  y: 77.0
  z: 446.88757577608584
  yaw: -115.779816
  pitch: -59.86624
