timestamps:
  login: 1335739568895
  lastteleport: 1335739703936
  logout: 1335739778726
ipAddress: 67.193.139.36
lastlocation:
  world: world
  x: 3858.855154569657
  y: 71.0
  z: 321.41518298357823
  yaw: 188.64545
  pitch: 13.650211
