timestamps:
  login: 1335832444244
  logout: 1335832905752
  lastteleport: 1335832562475
ipAddress: 67.202.180.193
lastlocation:
  world: world
  x: 3858.749332058491
  y: 71.0
  z: 321.4529722498514
  yaw: -176.23805
  pitch: -0.5938092
money: 295.0
