timestamps:
  login: 1333997061075
  lastteleport: 1333997243963
  logout: 1333997258611
ipAddress: 87.96.251.205
lastlocation:
  world: world
  x: 403.22580707780116
  y: 67.0
  z: 121.94901663288117
  yaw: -184.82237
  pitch: 8.699796
money: 50.0
