timestamps:
  login: 1335982770798
  logout: 1335982784510
  lastteleport: 1335940465406
ipAddress: 62.198.53.39
lastlocation:
  world: world
  x: 1850.8388773234215
  y: 63.0
  z: -653.146348189203
  yaw: -36.214294
  pitch: -0.75498515
