timestamps:
  login: 1336325433590
  lastteleport: 1336325906064
  logout: 1336326057416
ipAddress: 85.225.248.200
lastlocation:
  world: world
  x: 3796.987792461706
  y: 67.0
  z: 105.73740897748333
  yaw: -103.81157
  pitch: 14.592301
