timestamps:
  login: 1333925998285
  lastteleport: 1333925869891
  logout: 1333926013754
ipAddress: 174.92.110.151
lastlocation:
  world: world
  x: 426.92856632041554
  y: 65.0
  z: 966.2326691634862
  yaw: -211.76645
  pitch: 14.29465
