timestamps:
  login: 1335906330910
  lastteleport: 1335906463187
  logout: 1335906507189
ipAddress: 90.194.104.229
lastlocation:
  world: world
  x: 3882.4013057073407
  y: 64.0
  z: 361.70166508529763
  yaw: 147.54544
  pitch: 20.400211
