timestamps:
  login: 1335146870072
  lastteleport: 1335146901910
  logout: 1335146918635
ipAddress: 76.22.145.153
lastlocation:
  world: world
  x: 1489.240742463464
  y: 70.0
  z: 184.79908565572455
  yaw: 36.36212
  pitch: 4.629046
