timestamps:
  login: 1339467775134
  lastteleport: 1338832881243
  logout: 1339467796221
ipAddress: 98.253.180.109
lastlocation:
  world: world
  x: 128.1336576439993
  y: 66.0
  z: 605.0926310469882
  yaw: -19.596079
  pitch: 4.468715
