timestamps:
  login: 1338214903557
  lastteleport: 1334978332647
  logout: 1338214916098
ipAddress: 24.4.142.131
lastlocation:
  world: world
  x: -104.3890989436464
  y: 77.0
  z: 484.9207797912741
  yaw: -320.55005
  pitch: 2.3999567
