timestamps:
  login: 1340157915782
  logout: 1340157926585
  lastteleport: 1340157877536
ipAddress: 173.48.219.173
lastlocation:
  world: world_nether
  x: 272.5
  y: 129.0
  z: 136.5
  yaw: -295.36505
  pitch: 16.050034
