timestamps:
  login: 1338180787807
  lastteleport: 1338180799834
  logout: 1338180943243
ipAddress: 95.144.105.115
lastlocation:
  world: world
  x: -139.9021239618982
  y: 77.0
  z: 520.2052344059123
  yaw: 47.38053
  pitch: 9.926423
money: 23.0
