timestamps:
  login: 1334267116262
  lastteleport: 1334189703175
  logout: 1334267140483
ipAddress: 173.51.129.219
lastlocation:
  world: world
  x: 402.59518860904245
  y: 68.0
  z: 194.33055582268742
  yaw: -333.62247
  pitch: -51.000267
