timestamps:
  login: 1333982872706
  lastteleport: 1333982857691
  logout: 1333983056821
ipAddress: 207.119.47.80
lastlocation:
  world: world
  x: 375.7208665819129
  y: 65.0
  z: 935.9638361408204
  yaw: -175.52101
  pitch: 27.44999
