timestamps:
  login: 1338682670358
  logout: 1338682686734
  lastteleport: 1338667130736
ipAddress: 81.236.215.27
lastlocation:
  world: world
  x: -53.50105986536438
  y: 79.0
  z: 427.86092283615744
  yaw: -46.296688
  pitch: 4.1981072
