timestamps:
  login: 1338670038130
  lastteleport: 1338670047482
  logout: 1338670109085
ipAddress: 81.236.215.27
lastlocation:
  world: world
  x: -108.82887311659043
  y: 77.5
  z: 407.0346862087017
  yaw: 67.41696
  pitch: 53.2975
