timestamps:
  login: 1334000667370
  lastteleport: 1333999376642
  logout: 1334000674601
ipAddress: 174.44.17.196
lastlocation:
  world: world
  x: 404.28350679442286
  y: 67.0
  z: 121.3363228446386
  yaw: -348.23236
  pitch: 10.997027
money: 280.0
