timestamps:
  login: 1336128417924
  lastteleport: 1336128589618
  logout: 1336128812413
ipAddress: 71.68.2.93
lastlocation:
  world: world_the_end
  x: 30.130561541943944
  y: 59.0
  z: -29.259178252931687
  yaw: -17.519817
  pitch: 17.478445
