timestamps:
  login: 1337923080989
  logout: 1337923107180
ipAddress: 97.83.101.227
lastlocation:
  world: world
  x: -53.5
  y: 125.27372962235697
  z: 431.5
  yaw: -0.47927028
  pitch: -0.7189054
