timestamps:
  login: 1335520543817
  lastteleport: 1335520710874
  logout: 1335520825549
ipAddress: 210.86.110.131
lastlocation:
  world: world
  x: 4012.699999988079
  y: 65.0
  z: 304.69999998807907
  yaw: 326.04575
  pitch: 25.799973
