timestamps:
  login: 1340494403626
  logout: 1340494749870
  lastteleport: 1340494579388
ipAddress: 24.127.0.114
lastlocation:
  world: world
  x: 2734.5648406034734
  y: 133.0
  z: 1191.1798940119907
  yaw: -80.57233
  pitch: 9.69069
