timestamps:
  login: 1333997798272
  lastteleport: 1333998148832
  logout: 1333998187751
ipAddress: 83.233.27.221
lastlocation:
  world: world
  x: 403.3804634085421
  y: 68.0
  z: 196.6275665194099
  yaw: -180.47247
  pitch: 21.749731
money: 200.0
