timestamps:
  login: 1335211331576
  lastteleport: 1335211208886
  logout: 1335211371087
ipAddress: 98.209.242.93
lastlocation:
  world: world
  x: 793.7839174809292
  y: 67.0
  z: -1996.407479266869
  yaw: -74.676186
  pitch: 9.899992
money: 299.0
