timestamps:
  login: 1340556322283
  logout: 1340556579687
ipAddress: 31.52.60.5
lastlocation:
  world: world
  x: -108.3164670439226
  y: 74.0
  z: 462.97177389470147
  yaw: -94.94981
  pitch: 18.449974
