timestamps:
  login: 1336341988912
  lastteleport: 1336343256444
  logout: 1336343371432
ipAddress: 66.117.101.186
lastlocation:
  world: world_the_end
  x: 16.374287821036607
  y: 59.0
  z: -9.437256468930332
  yaw: -15.807037
  pitch: 24.448425
money: 4.0
