timestamps:
  login: 1334905754556
  lastteleport: 1334905219924
  logout: 1334905889871
ipAddress: 110.32.37.95
lastlocation:
  world: world
  x: 3088.417805849345
  y: 72.0
  z: 1502.15492891965
  yaw: 296.4082
  pitch: 6.033939
ban:
  reason: Advertising.
