timestamps:
  login: 1338661404798
  logout: 1338661534051
  lastteleport: 1338661434693
ipAddress: 84.123.190.181
lastlocation:
  world: world
  x: -25.893697022220532
  y: 77.0
  z: 448.6573742349869
  yaw: 273.59998
  pitch: 90.0
