timestamps:
  login: 1341109159241
  lastteleport: 1341017644999
  logout: 1341109381296
ipAddress: 206.225.142.10
lastlocation:
  world: world
  x: 523.4413025261788
  y: 72.0
  z: 763.0066381473645
  yaw: -46.40155
  pitch: 22.05
homes:
  home:
    world: world
    x: 563.9711468725875
    y: 12.0
    z: 704.1668165118815
    yaw: -189.19269
    pitch: 36.809162
