timestamps:
  login: 1340583302200
  logout: 1340583567584
ipAddress: 24.113.204.14
lastlocation:
  world: world
  x: -39.27107155325919
  y: 95.5
  z: 505.57782280048104
  yaw: -217.3927
  pitch: 15.400436
