timestamps:
  login: 1333928404296
  logout: 1333928685183
  lastteleport: 1333928567794
ipAddress: 74.193.17.246
lastlocation:
  world: world
  x: 395.07499998807907
  y: 82.0
  z: 980.9641590840904
  yaw: -103.50656
  pitch: 43.72753
