timestamps:
  login: 1338347115060
  logout: 1338347533089
ipAddress: 76.28.34.174
lastlocation:
  world: world
  x: 194.25668055575068
  y: 64.0
  z: 213.4225668530907
  yaw: 267.20227
  pitch: 27.450005
