timestamps:
  login: 1334365212972
  lastteleport: 1334365628003
  logout: 1334365724547
ipAddress: 188.220.43.179
lastlocation:
  world: world
  x: 402.30000001192093
  y: 67.0
  z: 119.07499998807907
  yaw: 223.72931
  pitch: 6.309605
