timestamps:
  login: 1335672196967
  lastteleport: 1335322869304
  logout: 1335672204933
ipAddress: 184.18.132.253
lastlocation:
  world: world
  x: 1488.6811230545868
  y: 70.0
  z: 183.56884331650625
  yaw: 174.13702
  pitch: 13.056031
