timestamps:
  login: 1334415852979
  lastteleport: 1334414526042
  logout: 1334415857217
ipAddress: 84.234.234.19
lastlocation:
  world: world
  x: 403.18390001120173
  y: 64.0
  z: 151.40622936867828
  yaw: -186.67972
  pitch: 48.16511
