timestamps:
  login: 1338265135859
  lastteleport: 1337070683027
  logout: 1338265175348
ipAddress: 99.90.213.30
lastlocation:
  world: world
  x: -61.26162478149926
  y: 80.0
  z: 431.6488628618057
  yaw: -359.49802
  pitch: -9.049768
money: 0.0
