timestamps:
  login: 1333992019486
  lastteleport: 1333992205109
  logout: 1333992423320
ipAddress: 81.159.180.10
lastlocation:
  world: world
  x: 403.3575430437723
  y: 65.5
  z: 162.07539539591806
  yaw: -173.87251
  pitch: 14.399727
