timestamps:
  login: 1339965002975
  logout: 1339965007178
ipAddress: 67.80.190.228
lastlocation:
  world: world
  x: -44.845518771667734
  y: 77.0
  z: 427.6439034400593
  yaw: 13.35239
  pitch: 30.403187
