timestamps:
  login: 1336258416632
  logout: 1336258507022
  lastteleport: 1336214764602
ipAddress: 173.188.51.226
lastlocation:
  world: world
  x: 3891.508474926667
  y: 64.0
  z: 370.32513056988256
  yaw: 64.0
  pitch: 168.0
ban:
  reason: Dumbass
