timestamps:
  login: 1338438614109
  lastteleport: 1336525241546
  logout: 1338438646306
ipAddress: 204.174.187.2
lastlocation:
  world: world
  x: 155.3830000221391
  y: 67.0
  z: 579.4344749728225
  yaw: 276.8141
  pitch: 9.447617
