timestamps:
  login: 1338536182873
  lastteleport: 1338536713886
  logout: 1338536802559
ipAddress: 67.211.65.21
lastlocation:
  world: world
  x: 2852.663949193128
  y: 70.0
  z: 3039.300000011921
  yaw: -208.28583
  pitch: 11.761283
money: 40.0
