timestamps:
  login: 1335988673366
  lastteleport: 1335988946129
  logout: 1335989047203
ipAddress: 50.43.148.84
lastlocation:
  world: world
  x: 3860.403034721226
  y: 67.0
  z: 327.36179546764276
  yaw: 147.66011
  pitch: -17.691685
