timestamps:
  login: 1338507719509
  logout: 1338507754360
ipAddress: 82.168.255.58
lastlocation:
  world: world
  x: -7.032693945680169
  y: 77.0
  z: 381.9495025345287
  yaw: -105.09817
  pitch: 25.90026
