timestamps:
  login: 1340482637733
  lastteleport: 1340482468022
  logout: 1340482744919
ipAddress: 78.86.87.210
lastlocation:
  world: world_nether
  x: 278.69999998807907
  y: 125.0
  z: 136.5038434469963
  yaw: -91.81476
  pitch: -32.4
