timestamps:
  login: 1336250816103
  lastteleport: 1335200392748
  logout: 1336251014530
ipAddress: 81.158.165.76
lastlocation:
  world: world
  x: 777.8824942104296
  y: 65.0
  z: -2046.5889669427102
  yaw: 302.2749
  pitch: 25.050041
