timestamps:
  login: 1336822394485
  lastteleport: 1336011108740
  logout: 1336823876649
ipAddress: 108.195.226.105
lastlocation:
  world: world
  x: 3892.1100952696875
  y: 64.0
  z: 371.22175281614835
  yaw: 113.773384
  pitch: 28.439047
