timestamps:
  login: 1334954056283
  lastteleport: 1334954516069
  logout: 1334954533599
ipAddress: 98.235.51.185
lastlocation:
  world: world
  x: 3106.4344360297378
  y: 80.0
  z: 1481.4303059284373
  yaw: -354.66473
  pitch: 17.999996
money: 298.0
