timestamps:
  login: 1336182043333
  lastteleport: 1336182086239
  logout: 1336182101926
ipAddress: 68.48.7.125
lastlocation:
  world: world
  x: 3880.4791773922175
  y: 64.0
  z: 355.86462645372245
  yaw: 149.64154
  pitch: 13.643083
