timestamps:
  login: 1335091008849
  logout: 1335091016280
  lastteleport: 1335089272440
ipAddress: 86.178.31.253
lastlocation:
  world: world
  x: 3562.2807042223462
  y: 78.0
  z: 1859.3845483841812
  yaw: -182.47833
  pitch: 27.886526
