timestamps:
  login: 1334708237392
  lastteleport: 1334617469428
  logout: 1334708460211
ipAddress: 70.73.5.123
lastlocation:
  world: world
  x: 1489.7974522284442
  y: 70.0
  z: 195.27445389975426
  yaw: -239.1705
  pitch: 19.15567
ban:
  reason: CUZ U GAY
