timestamps:
  login: 1333992397390
  lastteleport: 1333992837117
  logout: 1333993038485
ipAddress: 173.206.14.62
lastlocation:
  world: world
  x: 398.0570314334723
  y: 64.0
  z: 143.69999998807907
  yaw: -109.07016
  pitch: 16.459751
money: 0.0
