timestamps:
  login: 1335209182138
  lastteleport: 1335209386327
ipAddress: 75.189.243.228
lastlocation:
  world: world
  x: 734.6330168221782
  y: 73.0
  z: -1990.2117254399898
  yaw: 268.6738
  pitch: 12.1500025
money: 299.0
