timestamps:
  login: 1334191187066
  lastteleport: 1334191666513
  logout: 1334192000957
ipAddress: 60.230.193.250
lastlocation:
  world: world
  x: 403.36141545940205
  y: 64.0
  z: 145.30467854257319
  yaw: 180.41362
  pitch: 21.749727
