timestamps:
  login: 1336720033056
  lastteleport: 1336720111327
  logout: 1336721211885
ipAddress: 58.106.148.118
lastlocation:
  world: world
  x: 12.220925017863697
  y: 68.0
  z: -1155.9012949111143
  yaw: -53.944824
  pitch: 4.3190026
