timestamps:
  login: 1340740848915
  lastteleport: 1340740870461
  logout: 1340740939889
ipAddress: 70.252.149.113
lastlocation:
  world: world
  x: 2758.574999988079
  y: 77.6953215665274
  z: 1188.574999988079
  yaw: 274.64938
  pitch: -90.0
