timestamps:
  login: 1333999053228
  lastteleport: 1333999167077
  logout: 1333999553103
ipAddress: 90.207.12.220
lastlocation:
  world: world
  x: 403.42325785150877
  y: 67.0
  z: 122.53861210293107
  yaw: -178.97235
  pitch: 5.699706
