timestamps:
  login: 1334252780728
  lastteleport: 1334252837364
  logout: 1334252990800
ipAddress: 46.9.80.19
lastlocation:
  world: world
  x: 402.5782273870333
  y: 68.0
  z: 170.16574530986716
  yaw: -197.12247
  pitch: 7.7997303
