timestamps:
  login: 1336485430954
  lastteleport: 1336485480650
  logout: 1336485731218
ipAddress: 66.189.142.133
lastlocation:
  world: world
  x: 1233.578375277592
  y: 64.0
  z: 2568.4506679337737
  yaw: 266.05313
  pitch: 36.600014
