timestamps:
  login: 1333924957465
  lastteleport: 1333925088475
  logout: 1333925181924
ipAddress: 97.84.181.19
lastlocation:
  world: world
  x: 377.5963326889612
  y: 64.0
  z: 924.9250000119209
  yaw: 105.579346
  pitch: 8.699997
