timestamps:
  login: 1334874526692
  lastteleport: 1334847359817
  logout: 1334874536668
ipAddress: 107.3.142.106
lastlocation:
  world: world
  x: 1559.3729343746763
  y: 65.5
  z: -160.84868579582232
  yaw: 112.01821
  pitch: 9.543422
money: 299.0
