timestamps:
  login: 1338642874447
  logout: 1338642940357
ipAddress: 74.98.228.155
lastlocation:
  world: world
  x: -8.328993712760969
  y: 77.0
  z: 381.969487874587
  yaw: -177.93068
  pitch: -0.105761826
