timestamps:
  login: 1333985201731
  lastteleport: 1333985229078
  logout: 1333985389156
ipAddress: 24.210.178.9
lastlocation:
  world: world
  x: 6.69999998807907
  y: 65.0
  z: 637.8200204640394
  yaw: 264.80792
  pitch: 11.867982
