timestamps:
  login: 1338683029646
  lastteleport: 1338683139389
  logout: 1338683950853
ipAddress: 174.3.59.91
lastlocation:
  world: world
  x: 2284.509637101143
  y: 65.0
  z: 1247.4789148038474
  yaw: 30.829008
  pitch: -55.591366
