timestamps:
  login: 1338155384577
  lastteleport: 1338154972349
  logout: 1338156082683
ipAddress: 69.251.193.240
lastlocation:
  world: world
  x: -131.96917498616983
  y: 22.0
  z: 523.7526822180772
  yaw: 180.50195
  pitch: 30.449995
