timestamps:
  login: 1337583647908
  logout: 1337583776205
  lastteleport: 1337583192691
ipAddress: 216.254.235.194
lastlocation:
  world: world
  x: -101.30000001192093
  y: 5.0
  z: 730.6999999880791
  yaw: -83.96827
  pitch: 39.29994
homes:
  home:
    world: world
    x: -34.500148758798446
    y: 1.0
    z: 622.8926506099994
    yaw: -125.24564
    pitch: 10.599464
