timestamps:
  login: 1333979292395
  lastteleport: 1333979390596
  logout: 1333979498282
ipAddress: 98.235.168.54
lastlocation:
  world: world
  x: 375.8838739808195
  y: 65.0
  z: 929.9508911728728
  yaw: 12.14502
  pitch: -17.603828
