timestamps:
  login: 1335984220098
  logout: 1335984334959
  lastteleport: 1335984310223
ipAddress: 86.4.198.84
lastlocation:
  world: world
  x: 2532.699999988079
  y: 80.0
  z: 1429.8424351446545
  yaw: 92.83978
  pitch: 64.65002
