timestamps:
  login: 1338338742937
  logout: 1338339216293
ipAddress: 99.15.95.219
lastlocation:
  world: world
  x: -37.525229114851825
  y: 77.0
  z: 415.7033534518344
  yaw: -124.352036
  pitch: -9.513602
