timestamps:
  login: 1340055710277
  lastteleport: 1340055741400
  logout: 1340055825209
ipAddress: 71.168.71.33
lastlocation:
  world: world
  x: -25.234804334617696
  y: 96.0
  z: 427.22816837060833
  yaw: -119.67908
  pitch: 21.009706
