timestamps:
  login: 1334409557947
  lastteleport: 1334409590273
  logout: 1334409629806
ipAddress: 60.241.41.57
lastlocation:
  world: world
  x: 403.3737432272098
  y: 64.0
  z: 140.82234680746015
  yaw: -183.8277
  pitch: 15.785567
