timestamps:
  login: 1340843869723
  logout: 1340843991573
ipAddress: 69.181.88.226
lastlocation:
  world: world
  x: -47.063487034147656
  y: 77.0
  z: 425.8346005689835
  yaw: -28.548283
  pitch: -34.024563
