timestamps:
  login: 1335558795199
  lastteleport: 1335558978839
  logout: 1335559006425
ipAddress: 174.30.95.107
lastlocation:
  world: world
  x: 3964.115620834874
  y: 87.0
  z: 252.7909231377542
  yaw: -180.35437
  pitch: 5.8502054
