timestamps:
  login: 1336083472686
  lastteleport: 1336083561938
  logout: 1336084436471
ipAddress: 50.71.27.180
lastlocation:
  world: world
  x: 3863.9378040797387
  y: 64.0
  z: 345.49090320504484
  yaw: -89.604706
  pitch: 8.850214
