timestamps:
  login: 1335722562577
  lastteleport: 1335722734171
  logout: 1335722919562
ipAddress: 206.248.70.117
lastlocation:
  world: world
  x: 3860.815015733649
  y: 71.0
  z: 319.8743462056449
  yaw: 162.39545
  pitch: 8.550221
money: 0.0
