timestamps:
  login: 1337596897270
  lastteleport: 1337583369509
  logout: 1337596907734
ipAddress: 98.206.96.206
lastlocation:
  world: world
  x: -236.51031016147653
  y: 71.0
  z: 263.7211813174841
  yaw: 132.599
  pitch: 15.900042
