timestamps:
  login: 1335648579154
  logout: 1335648651061
  lastteleport: 1335648604476
ipAddress: 63.224.161.86
lastlocation:
  world: world
  x: 3081.94128106181
  y: 72.0
  z: 804.776570761377
  yaw: -249.78958
  pitch: 34.76589
