timestamps:
  login: 1338607192533
  lastteleport: 1338607606123
  logout: 1338607623493
ipAddress: 88.88.56.109
lastlocation:
  world: world
  x: -84.32876108738226
  y: 77.0
  z: 393.84173173886666
  yaw: 140.3998
  pitch: 41.700005
ban:
  reason: post a ban appeal on champcraft.net
