timestamps:
  login: 1335558612726
  logout: 1335558946351
  lastteleport: 1335558929300
ipAddress: 206.53.64.109
lastlocation:
  world: world
  x: 3890.5777254683303
  y: 64.0
  z: 370.0003553920577
  yaw: 136.59544
  pitch: 20.100214
