timestamps:
  login: 1340045938979
  lastteleport: 1340046012398
  logout: 1340046106826
ipAddress: 74.98.51.127
lastlocation:
  world: world
  x: 2902.160146797303
  y: 71.0
  z: 3064.141653156098
  yaw: -96.4185
  pitch: 16.35
