timestamps:
  login: 1333980134740
  lastteleport: 1333980283091
  logout: 1333980326427
ipAddress: 72.178.140.132
lastlocation:
  world: world
  x: 382.30000001192093
  y: 82.0
  z: 982.5600701581618
  yaw: -324.0209
  pitch: -12.450001
