timestamps:
  login: 1340249272097
  mute: 0
  logout: 1340249622130
ipAddress: 24.216.73.198
lastlocation:
  world: world_nether
  x: 267.14403748563564
  y: 128.0
  z: 140.96357284515636
  yaw: -17.59848
  pitch: 18.292768
muted: true
