timestamps:
  login: 1336233759355
  lastteleport: 1336243297704
  logout: 1336243374078
ipAddress: 72.240.19.212
lastlocation:
  world: world
  x: 787.5092395153811
  y: 63.0
  z: -1154.052348103665
  yaw: -331.8799
  pitch: -5.0236993
money: 8825.0
