timestamps:
  login: 1338533366903
  logout: 1338533401527
  lastteleport: 1338533203415
ipAddress: 75.161.215.253
lastlocation:
  world: world
  x: -158.15016583358974
  y: 67.0
  z: 567.5694948373501
  yaw: 96.450455
  pitch: 15.149994
money: 336.22
homes:
  home:
    world: world
    x: 3132.9347165803633
    y: 115.0
    z: 2976.411483983833
    yaw: -73.60808
    pitch: 55.688683
ban:
  reason: Client Bro? Appeal At forums
