timestamps:
  login: 1335049356267
  lastteleport: 1334503915317
  logout: 1335049893643
ipAddress: 70.50.88.145
lastlocation:
  world: world
  x: 3915.699999988079
  y: 62.0
  z: 1900.6732107837277
  yaw: -113.36518
  pitch: 44.68461
