timestamps:
  login: 1336360506579
  lastteleport: 1336360616360
  logout: 1336360794853
ipAddress: 76.172.140.18
lastlocation:
  world: world
  x: 3793.605690776598
  y: 72.0
  z: 267.28309279691655
  yaw: 314.6459
  pitch: -1.3498312
