timestamps:
  login: 1333984236624
  lastteleport: 1333984410974
  logout: 1333984809145
ipAddress: 90.228.225.57
lastlocation:
  world: world
  x: 374.5672801570548
  y: 65.0
  z: 936.0141592063972
  yaw: -151.67111
  pitch: 28.199959
