timestamps:
  login: 1334536627450
  logout: 1334537067416
  lastteleport: 1334536992931
ipAddress: 108.54.152.4
lastlocation:
  world: world
  x: 3506.5639911270687
  y: 105.0
  z: 1834.83160921533
  yaw: 313.3396
  pitch: 5.1915655
