timestamps:
  login: 1334272054963
  lastteleport: 1334272154227
  logout: 1334272287458
ipAddress: 72.229.53.158
lastlocation:
  world: world_nether
  x: 59.562819853574716
  y: 80.0
  z: 8.689653442861982
  yaw: 41.09671
  pitch: 15.757449
