timestamps:
  login: 1338651410430
  lastteleport: 1335070537406
  logout: 1338651509143
ipAddress: 98.247.26.151
lastlocation:
  world: world
  x: -18.51566963047196
  y: 78.0
  z: 494.2151887245789
  yaw: 94.99155
  pitch: 89.105255
money: 291.0
