timestamps:
  login: 1333989894487
  lastteleport: 1333988527214
  logout: 1333989886112
ipAddress: 99.254.233.225
lastlocation:
  world: world
  x: 403.50078108049473
  y: 68.0
  z: 166.89956506733725
  yaw: -167.27252
  pitch: 30.449715
