timestamps:
  login: 1334067462659
  lastteleport: 1334067756853
  logout: 1334067796133
ipAddress: 95.169.47.121
lastlocation:
  world: world
  x: 406.5550853387725
  y: 63.0
  z: 141.57663553789865
  yaw: -214.37329
  pitch: 22.34999
money: 50.0
