timestamps:
  login: 1338098926656
  lastteleport: 1337587037475
  logout: 1338099020354
ipAddress: 71.122.89.30
lastlocation:
  world: world
  x: 1564.0943672103153
  y: 72.0
  z: 43.61914691254307
  yaw: -71.07712
  pitch: 68.15888
money: 2.0
