timestamps:
  login: 1340822078949
  logout: 1340822083708
ipAddress: 204.184.247.123
lastlocation:
  world: world
  x: -43.74042305125694
  y: 77.0
  z: 424.71970197872577
  yaw: -144.75002
  pitch: 43.050007
