timestamps:
  login: 1340677237496
  logout: 1340677284606
ipAddress: 107.2.207.22
lastlocation:
  world: world
  x: -32.0024104752785
  y: 74.0
  z: 440.70467698856936
  yaw: -52.722015
  pitch: -45.818123
