timestamps:
  login: 1333989130486
  lastteleport: 1333988747014
  logout: 1333989211497
ipAddress: 212.242.161.32
lastlocation:
  world: world
  x: 403.69931810805053
  y: 68.0
  z: 167.07229167654756
  yaw: -185.37396
  pitch: 29.349638
