timestamps:
  login: 1336327223735
  lastteleport: 1336302602512
  logout: 1336327272415
ipAddress: 213.161.255.136
lastlocation:
  world: world
  x: 3939.2230123048157
  y: 86.5
  z: 278.2703250037534
  yaw: 284.27362
  pitch: 4.8136516
