timestamps:
  login: 1335207237367
  lastteleport: 1335207410650
  logout: 1335207556234
ipAddress: 82.12.158.199
lastlocation:
  world: world
  x: 735.5503756962163
  y: 73.0
  z: -1990.265781194301
  yaw: 268.6738
  pitch: 12.1500025
