timestamps:
  login: 1336003860837
  lastteleport: 1336004621839
  logout: 1336004683730
ipAddress: 50.98.195.167
lastlocation:
  world: world
  x: -1856.1998796864834
  y: 71.0
  z: -509.17872352535153
  yaw: -78.06271
  pitch: 13.649975
ban:
  reason: Temporarily banned from server for  7 days
  timeout: 1336609486488
