timestamps:
  login: 1336070183867
  lastteleport: 1336070074564
  logout: 1336070199007
ipAddress: 77.251.41.119
lastlocation:
  world: world
  x: 3860.262782149334
  y: 71.0
  z: 320.6175073238299
  yaw: -177.9546
  pitch: 1.5002043
ban:
  reason: Temporarily banned from server for  1 hour
  timeout: 1336073799463
