timestamps:
  login: 1340824536178
  logout: 1340824559052
  lastteleport: 1340369632877
ipAddress: 66.203.161.166
lastlocation:
  world: world
  x: -52.48436513264862
  y: 74.0
  z: 429.75732770020005
  yaw: 147.75
  pitch: -15.899984
