timestamps:
  login: 1334526817505
  lastteleport: 1334523322941
  logout: 1334527077661
ipAddress: 50.99.23.223
lastlocation:
  world: world
  x: 1487.818636535912
  y: 70.0
  z: 195.44904693997117
  yaw: -173.12798
  pitch: 14.69343
