timestamps:
  login: 1336187684213
  lastteleport: 1336188151062
  logout: 1336188325794
ipAddress: 71.63.27.168
lastlocation:
  world: world
  x: -97.69999998807907
  y: 67.0
  z: -1015.3000000119209
  yaw: 223.8582
  pitch: 34.529217
