timestamps:
  login: 1335560333384
  logout: 1335560544844
  lastteleport: 1335208184747
ipAddress: 65.175.237.10
lastlocation:
  world: world
  x: 763.3115923177143
  y: 67.0
  z: -2017.3509579367797
  yaw: 68.573814
  pitch: 1.499999
money: 295.0
