timestamps:
  login: 1336328396368
  lastteleport: 1336097063173
  logout: 1336328428314
ipAddress: 71.185.217.62
lastlocation:
  world: world
  x: 2532.699999988079
  y: 80.0
  z: 1426.4515518819771
  yaw: 3.5898492
  pitch: 54.150024
