timestamps:
  login: 1340675443197
  logout: 1340675499605
ipAddress: 69.123.117.27
lastlocation:
  world: world
  x: -55.09828475034685
  y: 74.5
  z: 426.08288283517584
  yaw: 246.89992
  pitch: 30.749989
