timestamps:
  login: 1337855968022
  lastteleport: 1337855619605
  logout: 1337856059138
ipAddress: 66.32.91.157
lastlocation:
  world: world
  x: 4863.489042030741
  y: 62.0
  z: 2906.9203944615797
  yaw: 113.155396
  pitch: 17.099993
