timestamps:
  login: 1333958316362
  logout: 1333958367907
  lastteleport: 1333958252302
ipAddress: 71.83.202.71
lastlocation:
  world: world
  x: 325.66920265196416
  y: 65.0
  z: 992.3327116672459
  yaw: -172.8212
  pitch: 22.499947
