timestamps:
  login: 1335555980538
  lastteleport: 1335556064934
  logout: 1335556085428
ipAddress: 24.2.166.214
lastlocation:
  world: world
  x: 3859.173814869225
  y: 70.0
  z: 322.9737372883407
  yaw: 222.54535
  pitch: -2.8500211
