timestamps:
  login: 1340157927642
  logout: 1340157931586
ipAddress: 98.24.169.219
lastlocation:
  world: world
  x: -56.551874400650405
  y: 1.0
  z: 396.89589594080553
  yaw: 93.1503
  pitch: 14.850008
