timestamps:
  login: 1340781103057
  logout: 1340781116771
ipAddress: 98.69.184.58
lastlocation:
  world: world
  x: -44.96516970192057
  y: 77.0
  z: 428.1434800227757
  yaw: 310.2178
  pitch: 80.48959
