timestamps:
  login: 1338524521908
  logout: 1338524528220
ipAddress: 98.249.210.26
lastlocation:
  world: world
  x: -214.5750712257218
  y: 63.0
  z: 654.9896447593773
  yaw: -45.247932
  pitch: 62.999992
