timestamps:
  login: 1334090568913
  lastteleport: 1333996753417
  logout: 1334090570364
ipAddress: 174.68.67.112
lastlocation:
  world: world
  x: 404.4181152601628
  y: 67.0
  z: 111.67864834363367
  yaw: 5.076105
  pitch: 1.9499768
