timestamps:
  login: 1338368323245
  logout: 1338368327172
ipAddress: 98.255.55.14
lastlocation:
  world: world
  x: 149.99580641632878
  y: 70.0
  z: 773.3316800075298
  yaw: 54.60001
  pitch: 36.449924
money: 30.0
