timestamps:
  login: 1340586247207
  logout: 1340586447584
ipAddress: 96.28.6.252
lastlocation:
  world: world_nether
  x: 272.8100949028898
  y: 128.0
  z: 136.89023151617508
  yaw: -270.30142
  pitch: 11.68413
