timestamps:
  login: 1336164769462
  lastteleport: 1336164385752
  logout: 1336164831358
ipAddress: 72.187.10.73
lastlocation:
  world: world
  x: 2851.9977847548043
  y: 43.0
  z: -15.00786469606967
  yaw: -218.15784
  pitch: -24.600014
