timestamps:
  login: 1335458260142
  logout: 1335458267653
  lastteleport: 1335305212413
ipAddress: 24.72.21.216
lastlocation:
  world: world
  x: 3335.699999988079
  y: 69.0
  z: 1976.250000439134
  yaw: -89.328316
  pitch: 8.98646
