timestamps:
  login: 1336062862023
  lastteleport: 1336063214669
  logout: 1336063339662
ipAddress: 46.9.28.40
lastlocation:
  world: world
  x: 3890.58357046684
  y: 64.0
  z: 370.28666418955015
  yaw: 136.59544
  pitch: 20.100214
