timestamps:
  login: 1337846408579
  lastteleport: 1337377186159
  logout: 1337846411963
ipAddress: 69.205.117.145
lastlocation:
  world: world
  x: 84.69999998807907
  y: 48.0
  z: 278.7326725379399
  yaw: -104.240326
  pitch: -73.37017
