timestamps:
  login: 1338533723129
  logout: 1338533836527
ipAddress: 69.142.60.6
lastlocation:
  world: world
  x: -55.42699597774576
  y: 77.5
  z: 426.05779222832643
  yaw: 60.90005
  pitch: -3.4499564
