timestamps:
  login: 1335052910235
  lastteleport: 1335053335629
  logout: 1335053438903
ipAddress: 75.141.206.194
lastlocation:
  world: world
  x: 3055.9460128792316
  y: 62.0
  z: 1475.9101247385604
  yaw: 190.73587
  pitch: 9.599977
