timestamps:
  login: 1335906894160
  lastteleport: 1335906910909
  logout: 1335906922347
ipAddress: 68.226.63.18
lastlocation:
  world: world
  x: 3879.487416979725
  y: 64.0
  z: 354.08824757462975
  yaw: 153.09543
  pitch: 15.1502075
