timestamps:
  login: 1334235161285
  lastteleport: 1334235500614
  logout: 1334235600502
ipAddress: 184.155.76.211
lastlocation:
  world: world
  x: 347.0457387936493
  y: 65.0
  z: 976.5439466490122
  yaw: -222.92096
  pitch: 20.700012
