timestamps:
  login: 1335045735993
  lastteleport: 1335045901718
  logout: 1335046170199
ipAddress: 24.1.55.138
lastlocation:
  world: world
  x: 3113.9231669254955
  y: 72.0
  z: 1504.3323949082398
  yaw: -75.364136
  pitch: 12.750003
money: 299.0
