timestamps:
  login: 1335049788275
  lastteleport: 1335050625904
  logout: 1335050668738
ipAddress: 174.141.189.133
lastlocation:
  world: world
  x: 4698.927024215929
  y: 71.0
  z: -120.69999998807904
  yaw: -95.59155
  pitch: 35.399994
money: 299.0
