timestamps:
  login: 1338110135069
  logout: 1338110163369
ipAddress: 76.89.176.225
lastlocation:
  world: world
  x: -66.25985712289092
  y: 77.5
  z: 455.2071935237829
  yaw: 164.75198
  pitch: 27.700247
