timestamps:
  login: 1333939848587
  lastteleport: 1333939892660
  logout: 1333939993508
ipAddress: 173.171.114.58
lastlocation:
  world: world
  x: 375.9490523904585
  y: 65.0
  z: 933.0049444656303
  yaw: -174.77103
  pitch: 11.099981
