timestamps:
  login: 1338832521918
  logout: 1338832649883
ipAddress: 89.241.51.189
lastlocation:
  world: world
  x: -22.709915874941494
  y: 74.0
  z: 445.2782396912576
  yaw: 216.89987
  pitch: -2.2500103
