timestamps:
  login: 1334272565272
  lastteleport: 1334272664076
  logout: 1334272832508
ipAddress: 67.10.128.45
lastlocation:
  world: world
  x: 402.75687834704297
  y: 67.0
  z: 131.64711555033477
  yaw: -1.7974243
  pitch: 30.604027
