timestamps:
  login: 1334376125361
  lastteleport: 1334375729597
  logout: 1334376387943
  mute: 0
ipAddress: 24.128.200.147
lastlocation:
  world: world
  x: 403.3804634085421
  y: 68.0
  z: 196.6275665194099
  yaw: -180.47247
  pitch: 21.749731
muted: false
