timestamps:
  login: 1338352784507
  logout: 1338352789607
ipAddress: 86.173.51.117
lastlocation:
  world: world
  x: -45.88968677105997
  y: 79.0
  z: 431.7807620249208
  yaw: 14.751823
  pitch: 27.550232
