timestamps:
  login: 1333925847545
ipAddress: 67.82.96.130
lastlocation:
  world: world
  x: 368.5
  y: 87.47489330411673
  z: 979.5
  yaw: -0.54757684
  pitch: -0.91262805
