timestamps:
  login: 1334014098443
  lastteleport: 1334014947770
  logout: 1334015265385
ipAddress: 74.100.62.173
lastlocation:
  world: world
  x: 242.47776633597127
  y: 72.0
  z: 638.856320998495
  yaw: 116.67926
  pitch: 9.15002
money: 0.0
