timestamps:
  login: 1335025001108
  lastteleport: 1335025016869
  logout: 1335025108794
ipAddress: 72.83.51.232
lastlocation:
  world: world
  x: 1491.1378964365726
  y: 70.0
  z: 178.83956211334296
  yaw: 282.27206
  pitch: 1.9499842
