timestamps:
  login: 1334367798425
  lastteleport: 1333939039876
  logout: 1334367918793
ipAddress: 67.7.88.151
lastlocation:
  world: world
  x: 394.78012775923753
  y: 66.0
  z: 980.1232529436397
  yaw: 266.91748
  pitch: 17.807884
