timestamps:
  login: 1338379531264
  lastteleport: 1338380303510
  logout: 1338380466637
ipAddress: 75.4.232.79
lastlocation:
  world: world
  x: -109.30000001192093
  y: 84.5
  z: 450.60926416939594
  yaw: -352.14853
  pitch: 52.00031
money: 148.0
