timestamps:
  login: 1340735217882
  logout: 1340735249655
  lastteleport: 1340576870469
ipAddress: 98.240.146.246
lastlocation:
  world: world
  x: -4.090672296807066
  y: 74.0
  z: 380.05428665289213
  yaw: -146.09961
  pitch: 2.4001794
