timestamps:
  login: 1338334164465
  logout: 1338334322140
  lastteleport: 1336231743143
ipAddress: 204.116.216.55
lastlocation:
  world: world
  x: -82.57076319124056
  y: 77.0
  z: 395.40154609497574
  yaw: -192.24835
  pitch: 89.85
