timestamps:
  login: 1336704123127
ipAddress: 99.63.102.102
lastlocation:
  world: world
  x: 799.550262425512
  y: 63.0
  z: -1133.5258708585136
  yaw: -283.66455
  pitch: 8.145227
