timestamps:
  login: 1336029614573
  lastteleport: 1336029128123
  logout: 1336029236970
ipAddress: 120.151.82.23
lastlocation:
  world: world
  x: 3859.813719744266
  y: 71.0
  z: 321.21241762319886
  yaw: -177.80432
  pitch: -5.999794
money: 253.0
