timestamps:
  login: 1333989892947
  lastteleport: 1333990216090
  logout: 1333990538172
ipAddress: 84.48.94.254
lastlocation:
  world: world
  x: 403.2805851125316
  y: 68.0
  z: 168.59949606969624
  yaw: -178.97235
  pitch: 6.8997374
