timestamps:
  login: 1335892896618
  lastteleport: 1335893393902
  logout: 1335893418543
ipAddress: 68.146.162.8
lastlocation:
  world: world
  x: 3891.508474926667
  y: 64.0
  z: 370.32513056988256
  yaw: 136.59544
  pitch: 20.100214
