timestamps:
  login: 1334093579497
  lastteleport: 1334093700152
  logout: 1334093726079
ipAddress: 72.216.54.194
lastlocation:
  world: world
  x: 402.4511837443633
  y: 68.0
  z: 168.42582559717133
  yaw: -162.17247
  pitch: 34.799725
