timestamps:
  login: 1336521834891
  lastteleport: 1336522033388
  logout: 1336522078182
ipAddress: 76.22.192.45
lastlocation:
  world: world
  x: 3863.8110344324136
  y: 75.0
  z: 318.29032625510365
  yaw: -2.3045654
  pitch: 43.200188
