timestamps:
  login: 1335079191865
  lastteleport: 1335080553791
  logout: 1335080747436
ipAddress: 81.234.149.76
lastlocation:
  world: world
  x: 1838.5
  y: 63.0
  z: -673.5
  yaw: -233.58505
  pitch: 23.988127
money: 283.0
