timestamps:
  login: 1340566914166
  logout: 1340567045194
  lastteleport: 1340567025110
ipAddress: 62.31.151.4
lastlocation:
  world: world_nether
  x: 271.30000001192093
  y: 112.0
  z: 138.04703277464537
  yaw: -70.628815
  pitch: 88.2103
