timestamps:
  login: 1340153906386
  logout: 1340153971586
ipAddress: 24.138.58.167
lastlocation:
  world: world
  x: -60.02037121372226
  y: 74.0
  z: 411.5069881076488
  yaw: 120.60005
  pitch: -8.249982
