timestamps:
  login: 1336624452301
  lastteleport: 1336624568453
  logout: 1336624625046
ipAddress: 70.170.58.152
lastlocation:
  world: world
  x: 3886.300000011921
  y: 78.0
  z: 312.30000001192093
  yaw: 107.795654
  pitch: -0.29977575
