timestamps:
  login: 1339961816430
  logout: 1339961962178
ipAddress: 70.124.21.25
lastlocation:
  world: world
  x: 23.991007848221976
  y: 17.549533410042564
  z: 486.04954695273204
  yaw: -196.3498
  pitch: -6.449992
