timestamps:
  login: 1335821817828
  logout: 1335822139032
  lastteleport: 1335821613949
ipAddress: 24.176.1.150
lastlocation:
  world: world
  x: 3864.699999988079
  y: 47.0
  z: 498.30000001192093
  yaw: -226.9143
  pitch: -38.173775
