timestamps:
  login: 1334711526270
  lastteleport: 1334711680942
  logout: 1334711835803
ipAddress: 99.243.0.211
lastlocation:
  world: world
  x: 1479.6312225637676
  y: 70.0
  z: 191.6776338122627
  yaw: -52.077938
  pitch: 12.450003
