timestamps:
  login: 1334004120271
  lastteleport: 1333998575877
  logout: 1334004153049
ipAddress: 71.244.121.218
lastlocation:
  world: world
  x: 403.3804634085421
  y: 68.0
  z: 196.6275665194099
  yaw: -172.14285
  pitch: 3.0788274
