timestamps:
  login: 1336258648150
  lastteleport: 1336258939813
  logout: 1336259168352
ipAddress: 108.3.181.5
lastlocation:
  world: world
  x: 2528.2008451487463
  y: 64.0
  z: 1406.5709186808065
  yaw: 47.08976
  pitch: 14.699999
money: 214.0
