timestamps:
  login: 1340677211696
  logout: 1340677304605
ipAddress: 68.11.161.227
lastlocation:
  world: world
  x: 22.300000011920933
  y: 18.0
  z: 317.8262907971295
  yaw: 137.55025
  pitch: 7.500005
