timestamps:
  login: 1336508560036
  lastteleport: 1335468735444
  logout: 1336508587433
ipAddress: 76.30.201.145
lastlocation:
  world: world
  x: 737.9284984932681
  y: 64.0
  z: -2318.020027674237
  yaw: 312.62738
  pitch: 6.750021
money: 0.0
