timestamps:
  login: 1334112251641
  logout: 1334112744831
  lastteleport: 1334112692288
ipAddress: 24.251.104.17
lastlocation:
  world: world
  x: 353.45123762833214
  y: 61.0
  z: 142.13454546401488
  yaw: -94.52319
  pitch: 9.600013
money: 40.0
