timestamps:
  login: 1334700379714
  lastteleport: 1334701192459
  logout: 1334701495920
ipAddress: 207.112.44.88
lastlocation:
  world: world
  x: 1488.872614785466
  y: 70.0
  z: 194.94450987628153
  yaw: -178.22803
  pitch: -13.956571
