timestamps:
  login: 1336256289385
  lastteleport: 1336258423031
  logout: 1336258612072
ipAddress: 24.117.202.196
lastlocation:
  world: world
  x: 2502.0600269839815
  y: 64.0
  z: 1425.9683609980161
  yaw: 251.68964
  pitch: 18.149973
