timestamps:
  login: 1334689304002
  lastteleport: 1334689624886
  logout: 1334689671072
ipAddress: 75.68.184.145
lastlocation:
  world: world
  x: 2101.12693762908
  y: 70.0
  z: 1335.2855996102978
  yaw: -24.51184
  pitch: 19.349903
