timestamps:
  login: 1334724109112
  lastteleport: 1334724258317
  logout: 1334724294914
ipAddress: 121.209.129.114
lastlocation:
  world: world
  x: 1495.7966433129961
  y: 69.24918707874468
  z: -154.9123284223015
  yaw: 251.47772
  pitch: 10.53782
