timestamps:
  login: 1334907761996
  lastteleport: 1334907895125
  logout: 1334907994823
ipAddress: 202.156.34.21
lastlocation:
  world: world
  x: 1620.215580023785
  y: 67.0
  z: -189.54912445652766
  yaw: -72.33176
  pitch: 26.549992
