timestamps:
  login: 1333990135355
  lastteleport: 1333984776924
  logout: 1333990293073
ipAddress: 108.216.186.69
lastlocation:
  world: world
  x: 301.8256230506087
  y: 21.0
  z: 702.3000000119209
  yaw: 22.025787
  pitch: 21.45011
