timestamps:
  login: 1336603501677
  logout: 1336603503635
  lastteleport: 1335107292659
ipAddress: 76.231.137.223
lastlocation:
  world: world
  x: 2962.1085584531766
  y: 65.0
  z: 692.4780967961976
  yaw: -33.666172
  pitch: 17.760492
money: 0.0
