timestamps:
  login: 1333929288902
  lastteleport: 1333930700863
  logout: 1333936053389
ipAddress: 99.252.237.191
lastlocation:
  world: world
  x: 374.90112262290455
  y: 89.5
  z: 984.1801803428422
  yaw: -178.07104
  pitch: 10.349975
