timestamps:
  login: 1340476386475
  logout: 1340476403910
ipAddress: 82.2.26.39
lastlocation:
  world: world
  x: -46.98894586824047
  y: 77.0
  z: 427.4682611376227
  yaw: 74.24995
  pitch: 23.849995
