timestamps:
  login: 1337834050220
  logout: 1337834840257
  lastteleport: 1337834764397
ipAddress: 72.80.121.212
lastlocation:
  world: world
  x: -347.18555302785774
  y: 64.0
  z: 13.911026395348374
  yaw: 24.168457
  pitch: 19.337032
homes:
  home:
    world: world
    x: -340.46531901757635
    y: 64.0
    z: 16.90680783771068
    yaw: 241.93195
    pitch: -10.415723
