timestamps:
  login: 1334995097392
  lastteleport: 1334995110946
  logout: 1334995151833
ipAddress: 98.151.206.152
lastlocation:
  world: world
  x: 3107.0307296285655
  y: 80.0
  z: 1418.7948645799338
  yaw: -359.76416
  pitch: -3.0112267E-5
