timestamps:
  login: 1335561709750
  lastteleport: 1335560975695
  logout: 1335562181806
ipAddress: 91.149.53.215
lastlocation:
  world: world
  x: 3877.6039698692116
  y: 97.0
  z: 300.48189342893016
  yaw: 79.59537
  pitch: 26.99993
