timestamps:
  login: 1336182033346
  logout: 1336183161926
  lastteleport: 1336183103438
ipAddress: 97.122.231.79
lastlocation:
  world: world
  x: 3873.406304767817
  y: 64.0
  z: 339.7398277411698
  yaw: 135.54538
  pitch: 16.050219
homes:
  home:
    world: world
    x: 461.5
    y: 59.0
    z: -142.5
    yaw: -262.07617
    pitch: 14.999885
money: 10.0
