timestamps:
  login: 1334102035975
  lastteleport: 1334080500523
  logout: 1334102078799
ipAddress: 173.33.31.104
lastlocation:
  world: world
  x: 401.07499998807907
  y: 64.0
  z: 158.4164551444081
  yaw: -82.07244
  pitch: 14.699721
homes:
  home:
    world: world
    x: 401.07499998807907
    y: 64.0
    z: 158.69999998807907
    yaw: -82.07244
    pitch: 14.699721
