timestamps:
  login: 1335191970395
  logout: 1335196757739
  lastteleport: 1335195214797
  mute: 0
ipAddress: 120.145.160.24
lastlocation:
  world: world
  x: 733.5
  y: 73.0
  z: -1990.5
  yaw: 268.07382
  pitch: 6.150003
money: 71.0
muted: true
homes:
  home:
    world: world
    x: 2623.3968656727993
    y: 63.0
    z: 1268.6761831043389
    yaw: -289.58777
    pitch: 36.749954
ban:
  reason: For using hackes
