timestamps:
  login: 1336231108305
  logout: 1336231489693
  lastteleport: 1336231471628
ipAddress: 71.172.36.243
lastlocation:
  world: world
  x: 3885.456482716629
  y: 64.0
  z: 363.9268904333695
  yaw: 136.59544
  pitch: 20.100214
