timestamps:
  login: 1338297014550
  logout: 1338297058810
  lastteleport: 1337352584732
ipAddress: 108.172.85.187
lastlocation:
  world: world
  x: -80.61079519602515
  y: 77.0
  z: 459.7279362586811
  yaw: 43.949677
  pitch: 20.850006
