timestamps:
  login: 1336247314200
  lastteleport: 1336248022494
  logout: 1336248122135
ipAddress: 50.70.122.137
lastlocation:
  world: world
  x: 3807.270908536914
  y: 67.0
  z: 361.8958666609235
  yaw: 129.0956
  pitch: 20.10015
money: 2150.0
