timestamps:
  login: 1336340594803
  lastteleport: 1336340985507
  logout: 1336341235445
ipAddress: 99.229.114.166
lastlocation:
  world: world
  x: 3857.660088887777
  y: 71.0
  z: 320.2929571484479
  yaw: 181.44543
  pitch: -0.59980386
