timestamps:
  login: 1334248038726
  lastteleport: 1333997009106
  logout: 1334248399094
ipAddress: 70.76.7.179
lastlocation:
  world: world
  x: 403.3696106859331
  y: 67.0
  z: 124.90115343165562
  yaw: -177.43896
  pitch: 13.148135
money: 50.0
