timestamps:
  login: 1336189702556
  lastteleport: 1336189257451
  logout: 1336189906094
ipAddress: 98.157.214.234
lastlocation:
  world: world
  x: 76.07423366872548
  y: 88.0
  z: -1278.8233078126727
  yaw: 113.72644
  pitch: 78.45
