timestamps:
  login: 1340023560009
  logout: 1340023593515
ipAddress: 84.212.123.154
lastlocation:
  world: world
  x: -46.0211673419941
  y: 77.0
  z: 429.4019779286406
  yaw: 241.81723
  pitch: 12.20673
