timestamps:
  login: 1338524150949
  lastteleport: 1338525268196
  logout: 1338525488220
ipAddress: 66.57.242.78
lastlocation:
  world: world
  x: 1663.7967148661023
  y: 66.48479957514161
  z: 194.38936423021383
  yaw: 210.28961
  pitch: 8.549985
