timestamps:
  login: 1333936816246
  logout: 1333936918455
  lastteleport: 1333936873718
ipAddress: 206.174.20.166
lastlocation:
  world: world
  x: 375.5278107660573
  y: 65.0
  z: 934.9175317730579
  yaw: 127.778564
  pitch: 20.400013
