timestamps:
  login: 1334008274290
  lastteleport: 1334008634388
  logout: 1334009220996
ipAddress: 90.219.201.76
lastlocation:
  world: world
  x: 403.7136600888418
  y: 64.0
  z: 145.76377249496005
  yaw: 162.44543
  pitch: 38.763824
