timestamps:
  login: 1334357725533
  lastteleport: 1334357885043
  logout: 1334357922271
ipAddress: 60.240.136.135
lastlocation:
  world: world
  x: 404.3380496809961
  y: 68.0
  z: 196.69999998807907
  yaw: -180.47247
  pitch: 21.749731
