timestamps:
  login: 1338561263855
  logout: 1338561398517
ipAddress: 71.161.42.199
lastlocation:
  world: world
  x: -68.30439510491189
  y: 77.0
  z: 479.45399602267275
  yaw: 73.79993
  pitch: 26.85002
