timestamps:
  login: 1333938994479
  lastteleport: 1333938788800
  logout: 1333939181315
ipAddress: 76.91.175.236
lastlocation:
  world: world
  x: 374.5381308620541
  y: 65.0
  z: 937.8352418881489
  yaw: 266.37866
  pitch: 29.7
