timestamps:
  login: 1336906484180
  lastteleport: 1336906289773
  logout: 1336907083223
ipAddress: 58.96.35.175
lastlocation:
  world: world
  x: 784.8777262783256
  y: 63.0
  z: -1072.9577815895007
  yaw: -63.903957
  pitch: 3.4500082
