timestamps:
  login: 1336925130052
  lastteleport: 1336925392654
  logout: 1336926476277
ipAddress: 24.94.84.175
lastlocation:
  world: world
  x: 799.4118300591971
  y: 57.0
  z: -1327.3496313097867
  yaw: -278.70413
  pitch: 77.09993
