timestamps:
  login: 1334003548462
  lastteleport: 1334003633884
  logout: 1334003698049
ipAddress: 98.19.134.68
lastlocation:
  world: world
  x: 403.3794765781557
  y: 64.0
  z: 143.9275404686843
  yaw: -162.3224
  pitch: 37.949726
