timestamps:
  login: 1335406901812
  lastteleport: 1335407258609
  logout: 1335407276201
ipAddress: 99.2.222.61
lastlocation:
  world: world
  x: 638.4749999996275
  y: 47.0
  z: -2097.5031250000466
  yaw: -256.17615
  pitch: 14.999999
