timestamps:
  login: 1336223125781
  lastteleport: 1336223143336
  logout: 1336223169724
ipAddress: 174.65.106.85
lastlocation:
  world: world
  x: 3880.837105594702
  y: 64.0
  z: 356.56692894102133
  yaw: 153.24553
  pitch: 19.650219
