timestamps:
  login: 1336695684394
  lastteleport: 1336695912692
  logout: 1336695918932
ipAddress: 216.212.230.87
lastlocation:
  world: world
  x: 1892.8329049180068
  y: 76.0
  z: -1107.1894180062122
  yaw: 301.04993
  pitch: 4.1999984
