timestamps:
  login: 1334660688147
  logout: 1334661041263
  lastteleport: 1334660945421
ipAddress: 90.215.249.71
lastlocation:
  world: world
  x: 1489.505935384568
  y: 70.0
  z: 184.17020850780327
  yaw: -176.72801
  pitch: -8.856571
