timestamps:
  login: 1333987430534
  lastteleport: 1333986277495
  logout: 1333987693262
ipAddress: 92.23.140.18
lastlocation:
  world: world
  x: 304.30000001192093
  y: 11.0
  z: 692.1635046506465
  yaw: 20.680054
  pitch: 44.399994
