timestamps:
  login: 1335303918111
  lastteleport: 1335304040419
  logout: 1335304237599
ipAddress: 184.32.81.155
lastlocation:
  world: world
  x: 762.8652093844405
  y: 67.0
  z: -2017.5959637831768
  yaw: 86.12383
  pitch: 0.89999473
