timestamps:
  login: 1338173759515
  lastteleport: 1334442844160
  logout: 1338173801250
ipAddress: 207.161.48.14
lastlocation:
  world: world
  x: -41.81917184185028
  y: 78.0
  z: 427.6295083273701
  yaw: -41.648113
  pitch: 7.9002495
