timestamps:
  login: 1338679010009
  logout: 1338679015710
  lastteleport: 1338679017322
ipAddress: 24.154.28.160
lastlocation:
  world: world
  x: -48.5
  y: 80.0
  z: 428.5
  yaw: 359.69998
  pitch: 2.0301342E-5
money: 299.0
