timestamps:
  login: 1336311312863
  logout: 1336311461356
  lastteleport: 1336311435565
ipAddress: 83.177.129.112
lastlocation:
  world: world
  x: 3859.724223838207
  y: 71.0
  z: 320.62149352836735
  yaw: 81.80575
  pitch: 14.476806
