timestamps:
  login: 1335303401361
  logout: 1335303462599
  lastteleport: 1335302906660
ipAddress: 98.145.77.102
lastlocation:
  world: world
  x: 604.2872237837777
  y: 68.0
  z: -2037.4392734945818
  yaw: 90.59326
  pitch: 16.54683
