timestamps:
  login: 1335710688336
  lastteleport: 1335705278215
  logout: 1335710696713
ipAddress: 67.58.227.170
lastlocation:
  world: world
  x: 3859.6052426676147
  y: 71.0
  z: 321.4860359572927
  yaw: 275.64545
  pitch: 2.850223
