timestamps:
  login: 1334068866078
  lastteleport: 1333923186711
  logout: 1334068931183
ipAddress: 97.103.226.201
lastlocation:
  world: world
  x: 370.76639777786534
  y: 65.0
  z: 942.3981318497757
  yaw: 265.17914
  pitch: 6.8999796
