timestamps:
  login: 1334377760693
  lastteleport: 1334377773821
  logout: 1334377780412
ipAddress: 24.40.217.79
lastlocation:
  world: world
  x: 404.2322669770486
  y: 68.0
  z: 168.4779965082796
  yaw: -177.5355
  pitch: 12.28566
