timestamps:
  login: 1337683811046
  logout: 1337684995250
  lastteleport: 1337684980270
ipAddress: 50.46.171.230
lastlocation:
  world: world
  x: -45.000173956505876
  y: 74.5
  z: 436.16484573990755
  yaw: -7.5176935
  pitch: 7.093272
