timestamps:
  login: 1336564219445
  logout: 1336564580118
  lastteleport: 1336564236221
ipAddress: 85.164.118.12
lastlocation:
  world: world
  x: 3928.847182533056
  y: 97.0
  z: 290.17863425783867
  yaw: 285.39563
  pitch: 34.049976
