timestamps:
  login: 1334273229554
  logout: 1334273397601
  lastteleport: 1334108560449
ipAddress: 71.108.178.47
lastlocation:
  world: world
  x: 402.8572214801949
  y: 68.0
  z: 169.46734827582458
  yaw: -181.37244
  pitch: 13.949736
