timestamps:
  login: 1334402497684
  lastteleport: 1334401817549
  logout: 1334402520974
ipAddress: 188.181.223.234
lastlocation:
  world: world
  x: 402.7373353794557
  y: 68.0
  z: 167.61339573936633
  yaw: 180.57715
  pitch: 30.149744
