timestamps:
  login: 1335982023655
  lastteleport: 1335895949169
  logout: 1335982230905
ipAddress: 76.117.85.161
lastlocation:
  world: world
  x: 3859.4171421077644
  y: 71.0
  z: 320.7041123256516
  yaw: 191.19557
  pitch: 2.4002268
