timestamps:
  login: 1334793868608
  logout: 1334793870517
ipAddress: 99.149.131.31
lastlocation:
  world: world
  x: 1496.5
  y: 80.02739540713331
  z: 196.5
  yaw: 0.0
  pitch: -0.45000002
