timestamps:
  login: 1334189307571
  lastteleport: 1334189352735
  logout: 1334189395872
ipAddress: 69.166.179.173
lastlocation:
  world: world
  x: 403.8183349617928
  y: 68.0
  z: 167.94877232578605
  yaw: -176.87262
  pitch: 8.549725
