timestamps:
  login: 1334735101140
  lastteleport: 1334735161395
  logout: 1334735161337
ipAddress: 124.177.4.170
lastlocation:
  world: world
  x: 1543.1835079873865
  y: 67.0
  z: -183.914661762786
  yaw: -54.47164
  pitch: -7.604654
