timestamps:
  login: 1335208228652
  lastteleport: 1335208670500
  logout: 1335209071563
ipAddress: 76.104.100.232
lastlocation:
  world: world
  x: 762.5341031019958
  y: 67.0
  z: -2016.7739548037873
  yaw: 81.43347
  pitch: 13.753331
money: 0.0
