timestamps:
  login: 1334190319708
  lastteleport: 1334190714010
  logout: 1334192481007
ipAddress: 79.255.46.97
lastlocation:
  world: world
  x: 403.22586276540267
  y: 64.0
  z: 137.14476736462098
  yaw: -176.07477
  pitch: 4.8043375
