timestamps:
  login: 1338354255469
  logout: 1335571189680
ipAddress: 108.23.16.182
lastlocation:
  world: world
  x: -49.5
  y: 80.0
  z: 428.5
  yaw: -179.64813
  pitch: 23.050251
