timestamps:
  login: 1340945732324
  lastteleport: 1340149676554
  logout: 1340945741415
ipAddress: 71.222.36.163
lastlocation:
  world: world
  x: 17.971245304968825
  y: 15.950553643249426
  z: 506.41637352134387
  yaw: 42.144157
  pitch: -13.200263
