timestamps:
  login: 1336000538254
  lastteleport: 1336001868748
  logout: 1336002579838
ipAddress: 108.49.127.27
lastlocation:
  world: world
  x: 3869.7279343102637
  y: 64.0
  z: 338.0560605127761
  yaw: 111.40497
  pitch: 16.41381
