timestamps:
  login: 1334189056415
  lastteleport: 1334189080863
  logout: 1334189315457
ipAddress: 101.160.220.15
lastlocation:
  world: world
  x: 403.2122787850713
  y: 65.5
  z: 161.9106224967567
  yaw: -174.17262
  pitch: 22.499754
