timestamps:
  login: 1334578337694
  logout: 1334578558321
  lastteleport: 1334578500430
ipAddress: 31.52.77.105
lastlocation:
  world: world
  x: 1486.044121226629
  y: 70.0
  z: 184.88754674969218
  yaw: -165.32422
  pitch: 14.699988
