timestamps:
  login: 1336936442475
  lastteleport: 1336936452042
  logout: 1336936808139
ipAddress: 193.69.39.135
lastlocation:
  world: world
  x: 787.5
  y: 63.0
  z: -1072.5
  yaw: 176.09604
  pitch: 7.5519083E-6
