timestamps:
  login: 1338530414853
  logout: 1338530639737
ipAddress: 90.219.225.125
lastlocation:
  world: world
  x: 74.96448087012527
  y: 69.0
  z: 222.71844210418257
  yaw: -10.052216
  pitch: 31.349972
