timestamps:
  login: 1337165608741
  lastteleport: 1337165619892
  logout: 1337165627468
ipAddress: 173.180.164.6
lastlocation:
  world: world
  x: -45.68940086041086
  y: 77.0
  z: 429.2994594553789
  yaw: -97.200226
  pitch: 27.299952
