timestamps:
  login: 1335111158497
  logout: 1335114079735
  lastteleport: 1335111924565
ipAddress: 78.145.126.119
lastlocation:
  world: world
  x: 1981.7164946085982
  y: 65.0
  z: 611.2090958034698
  yaw: -359.9632
  pitch: 37.649845
money: 258.0
