timestamps:
  login: 1334972680281
  lastteleport: 1334972693921
  logout: 1334972693594
ipAddress: 75.66.161.142
lastlocation:
  world: world
  x: 3107.5365741124306
  y: 80.0
  z: 1416.987647357336
  yaw: 9.535865
  pitch: 33.89999
