timestamps:
  login: 1336749733252
  lastteleport: 1336749752401
  logout: 1336750191442
ipAddress: 81.167.225.68
lastlocation:
  world: world
  x: 788.0268238047399
  y: 63.0
  z: -1078.5204387014062
  yaw: 163.9149
  pitch: 19.824839
