timestamps:
  login: 1334265435664
  logout: 1334265510420
  lastteleport: 1334190446910
ipAddress: 71.49.224.40
lastlocation:
  world: world
  x: 403.75490806562954
  y: 67.0
  z: 121.22009270437732
  yaw: -180.56395
  pitch: 19.829622
