timestamps:
  login: 1334601022121
  lastteleport: 1334601759597
  logout: 1334601776837
ipAddress: 85.211.196.234
lastlocation:
  world: world
  x: 1504.3886976105314
  y: 70.0
  z: 172.41692045453186
  yaw: 55.348618
  pitch: 20.532444
