timestamps:
  login: 1335555308338
  lastteleport: 1335554814588
  logout: 1335555299074
ipAddress: 156.34.204.170
lastlocation:
  world: world
  x: 3892.1100952696875
  y: 64.0
  z: 371.22175281614835
  yaw: 122.22356
  pitch: 10.6045
