timestamps:
  login: 1335313272270
  logout: 1335313562753
  lastteleport: 1335313527117
ipAddress: 108.18.197.170
lastlocation:
  world: world
  x: 1839.1257498098596
  y: 63.0
  z: -670.3793168483212
  yaw: 118.05501
  pitch: -1.7156049
