timestamps:
  login: 1333923176811
  lastteleport: 1333923193411
  logout: 1333923395504
ipAddress: 173.52.16.207
lastlocation:
  world: world
  x: 376.7584478371129
  y: 82.0
  z: 984.5926826288878
  yaw: 11.978861
  pitch: 29.100004
