timestamps:
  login: 1333998922309
  logout: 1334000264238
  lastteleport: 1333999045278
ipAddress: 81.174.232.241
lastlocation:
  world: world
  x: 403.3804634085421
  y: 68.0
  z: 196.6275665194099
  yaw: -180.62247
  pitch: 21.89973
