timestamps:
  login: 1335034668940
  lastteleport: 1334977802051
  logout: 1335034674132
ipAddress: 69.161.126.134
lastlocation:
  world: world
  x: 3107.2298537146507
  y: 80.0
  z: 1425.6953145180105
  yaw: -356.91418
  pitch: 13.199985
