timestamps:
  login: 1336116704672
  lastteleport: 1336117548548
  logout: 1336117628394
ipAddress: 58.106.226.210
lastlocation:
  world: world
  x: 2149.142494887438
  y: 64.0
  z: 70.57820849706526
  yaw: 62.232708
  pitch: 19.100218
