timestamps:
  login: 1333926982780
  lastteleport: 1333927658858
  logout: 1333928395133
ipAddress: 98.71.248.125
lastlocation:
  world: world
  x: 375.5241083711313
  y: 87.0
  z: 979.4554949167738
  yaw: -186.02098
  pitch: 63.749977
