timestamps:
  login: 1333978594743
  lastteleport: 1333978635844
  logout: 1333978988232
ipAddress: 78.147.94.158
lastlocation:
  world: world
  x: 378.0420562647735
  y: 89.5
  z: 979.6025424033317
  yaw: -178.07104
  pitch: 10.349975
