timestamps:
  login: 1333996001470
  lastteleport: 1333996090627
  logout: 1333996095937
ipAddress: 2.125.9.249
lastlocation:
  world: world
  x: 402.4752562680275
  y: 68.0
  z: 196.54864522861263
  yaw: -180.62247
  pitch: 21.89973
