timestamps:
  login: 1340473994052
  logout: 1340474107946
ipAddress: 94.209.120.103
lastlocation:
  world: world
  x: -60.50607043334401
  y: 74.5
  z: 388.83245175511576
  yaw: 187.20009
  pitch: 11.249968
