timestamps:
  login: 1336227887029
  lastteleport: 1336227922523
  logout: 1336228614667
ipAddress: 66.229.53.228
lastlocation:
  world: world
  x: 3863.7106547918293
  y: 64.0
  z: 340.9089199466235
  yaw: 172.2955
  pitch: 18.300217
