timestamps:
  login: 1338832586553
  logout: 1338832879925
ipAddress: 89.242.163.135
lastlocation:
  world: world
  x: -185.40453438666484
  y: 63.0
  z: 553.7687451636422
  yaw: 337.19983
  pitch: 20.850016
