timestamps:
  login: 1334001033534
  lastteleport: 1334001052706
  logout: 1334001059776
ipAddress: 94.213.168.5
lastlocation:
  world: world
  x: 403.54909567704254
  y: 68.0
  z: 167.86152972381214
  yaw: -182.72252
  pitch: 23.999737
