timestamps:
  login: 1336425634923
  logout: 1336425665712
  lastteleport: 1336425309315
  mute: 0
ipAddress: 173.188.51.226
lastlocation:
  world: world
  x: 3881.232568215209
  y: 64.79673560066871
  z: 359.74052647867654
  yaw: 142.92079
  pitch: 19.045992
muted: true
