timestamps:
  login: 1340493626333
  logout: 1340493999920
  lastteleport: 1339587054443
ipAddress: 66.65.144.253
lastlocation:
  world: world_nether
  x: 272.8100949028898
  y: 113.0
  z: 136.89023151617508
  yaw: -295.36505
  pitch: 16.050034
