timestamps:
  login: 1334327324960
  lastteleport: 1334314875996
  logout: 1334327330985
ipAddress: 94.13.188.224
lastlocation:
  world: world
  x: 213.6737662185771
  y: 65.0
  z: 708.056007667382
  yaw: 173.81493
  pitch: 76.198395
money: 40.0
