timestamps:
  login: 1334065988839
  lastteleport: 1334066111641
  logout: 1334066109806
ipAddress: 98.116.157.225
lastlocation:
  world: world
  x: 403.0768875826268
  y: 68.0
  z: 193.13074899613102
  yaw: -169.97249
  pitch: 22.64973
