timestamps:
  login: 1334787609702
  lastteleport: 1334704584929
  logout: 1334787617788
ipAddress: 67.161.208.206
lastlocation:
  world: world
  x: 1488.872614785466
  y: 70.0
  z: 194.94450987628153
  yaw: -176.72787
  pitch: 19.943434
