timestamps:
  login: 1338422077948
  lastteleport: 1338422098728
  logout: 1338422390540
ipAddress: 74.112.208.162
lastlocation:
  world: world
  x: -536.3927085096827
  y: 72.0
  z: 195.85357704316328
  yaw: -279.09833
  pitch: 32.117466
ban:
  reason: Apparently lying to me and being kind of a douche.
nickname: ยง3Pope
homes:
  home:
    world: world
    x: 1364.7223796477979
    y: 57.0
    z: 3316.989305303988
    yaw: 160.13405
    pitch: 21.457207
