timestamps:
  login: 1336562529974
  lastteleport: 1336562761721
  logout: 1336562835068
ipAddress: 37.188.68.154
lastlocation:
  world: world
  x: 3888.376721926249
  y: 64.0
  z: 368.69673247488487
  yaw: 138.39546
  pitch: 24.600216
