timestamps:
  login: 1333996187992
  lastteleport: 1333996453898
  logout: 1333996473339
ipAddress: 89.160.155.19
lastlocation:
  world: world
  x: 403.52836903918774
  y: 67.0
  z: 121.35222088920285
  yaw: -179.72238
  pitch: 9.749728
