timestamps:
  login: 1333982036591
  logout: 1333984049106
  lastteleport: 1333983820993
ipAddress: 67.182.31.58
lastlocation:
  world: world
  x: 375.43600577626154
  y: 90.0
  z: 985.4124316446064
  yaw: -177.77104
  pitch: 10.349975
