timestamps:
  login: 1340219808382
  logout: 1340219819126
ipAddress: 24.130.54.36
lastlocation:
  world: world
  x: 42.386748590072266
  y: 72.0
  z: 728.5389245014954
  yaw: 60.04913
  pitch: 18.406548
