timestamps:
  login: 1333926259257
  logout: 1333926499929
  lastteleport: 1333926455538
ipAddress: 71.186.150.166
lastlocation:
  world: world
  x: 393.35497619709184
  y: 66.0
  z: 979.5611246221456
  yaw: 257.82928
  pitch: 19.199972
