timestamps:
  login: 1333984110268
  lastteleport: 1333983945890
  logout: 1333984224106
ipAddress: 86.134.36.5
lastlocation:
  world: world
  x: 375.8423479722891
  y: 65.0
  z: 932.959185236474
  yaw: 181.62904
  pitch: 15.299976
