timestamps:
  login: 1335051063526
  lastteleport: 1335051360909
  logout: 1335051378727
ipAddress: 108.65.38.218
lastlocation:
  world: world
  x: 3108.045145584643
  y: 80.0
  z: 1416.4838174337349
  yaw: -345.2141
  pitch: 26.849989
money: 298.0
