timestamps:
  login: 1335889653646
  lastteleport: 1335889707644
  logout: 1335890526938
ipAddress: 81.149.158.187
lastlocation:
  world: world
  x: 698.1811645701166
  y: 67.0
  z: -1890.8354670086926
  yaw: -8.512238
  pitch: 14.9899
