timestamps:
  login: 1340248915987
  logout: 1340249066983
  lastteleport: 1340249014882
ipAddress: 24.127.0.114
lastlocation:
  world: world
  x: -1878.766857816853
  y: 63.5
  z: -1200.740039952189
  yaw: 156.9632
  pitch: 5.3999987
ban:
  reason: ''
homes:
  home:
    world: world
    x: -1882.699999988079
    y: 64.0
    z: -1216.0083956333983
    yaw: -210.38696
    pitch: 2.5499966
