timestamps:
  login: 1340760012095
  logout: 1340760116554
  lastteleport: 1340740263774
ipAddress: 99.32.33.208
lastlocation:
  world: world
  x: -17.417077009020147
  y: 74.0
  z: 399.51664042121615
  yaw: 40.957764
  pitch: 18.206268
