timestamps:
  login: 1335015346804
  lastteleport: 1335014195168
  logout: 1335015408654
ipAddress: 175.38.192.73
lastlocation:
  world: world
  x: 3107.4287583270057
  y: 80.0
  z: 1416.0671674151522
  yaw: 12.421783
  pitch: 23.06308
