timestamps:
  login: 1335734898605
  lastteleport: 1335735177158
  logout: 1335735246639
ipAddress: 81.110.146.187
lastlocation:
  world: world
  x: 3800.483540796859
  y: 64.0
  z: 1910.8586976494707
  yaw: 179.73003
  pitch: 10.500015
