timestamps:
  login: 1337770168930
  lastteleport: 1337769685341
  logout: 1337769988622
ipAddress: 173.58.203.209
lastlocation:
  world: world
  x: -45.859675173030055
  y: 64.15438844856996
  z: 436.1132961242801
  yaw: 109.799835
  pitch: 90.0
