timestamps:
  login: 1338520428733
  logout: 1338520530790
ipAddress: 68.231.35.177
lastlocation:
  world: world
  x: -237.77439060899522
  y: 67.0
  z: 606.9731757147881
  yaw: 49.499832
  pitch: 7.0499578
