timestamps:
  login: 1334973140396
  lastteleport: 1334533559243
  logout: 1334973172177
ipAddress: 154.5.112.71
lastlocation:
  world: world
  x: 1483.3845915693303
  y: 70.0
  z: 177.79276087551824
  yaw: -248.4295
  pitch: 6.172909
