timestamps:
  login: 1334067698453
  lastteleport: 1334067728070
  logout: 1334068186133
ipAddress: 50.12.95.237
lastlocation:
  world: world
  x: 402.4580687158157
  y: 68.0
  z: 166.533601224298
  yaw: -156.60498
  pitch: 21.36477
