timestamps:
  login: 1335736356576
  lastteleport: 1335736412508
  mute: 1335737376204
  logout: 1335736481589
ipAddress: 204.210.145.238
lastlocation:
  world: world
  x: 3827.938560639882
  y: 63.0
  z: -752.2245783264261
  yaw: 140.9409
  pitch: 26.809216
muted: true
