timestamps:
  login: 1339620982419
  logout: 1339621111974
ipAddress: 66.41.211.231
lastlocation:
  world: world
  x: -38.43884658198402
  y: 74.0
  z: 431.2362603728353
  yaw: -51.495674
  pitch: 9.550819
