timestamps:
  login: 1334867680312
  lastteleport: 1334518422524
  logout: 1334867706504
ipAddress: 78.29.137.117
lastlocation:
  world: world
  x: 1494.050667508225
  y: 70.0
  z: 160.92500001192093
  yaw: -157.12299
  pitch: -1.6967473
