timestamps:
  login: 1335645907612
  logout: 1335646701381
  lastteleport: 1335645936378
ipAddress: 198.53.33.14
lastlocation:
  world: world
  x: 748.4526595413461
  y: 73.0
  z: -1991.190750568457
  yaw: -80.72649
  pitch: 29.649536
