timestamps:
  login: 1338180679750
  logout: 1338180778293
ipAddress: 64.231.200.237
lastlocation:
  world: world
  x: -49.181835445042594
  y: 80.0
  z: 428.8539593068008
  yaw: -177.69814
  pitch: 26.650253
