timestamps:
  login: 1335573254056
  lastteleport: 1335555184153
  logout: 1335573293370
ipAddress: 24.63.19.2
lastlocation:
  world: world
  x: 3918.4484982422796
  y: 84.0
  z: 313.7590529142424
  yaw: 305.04547
  pitch: 14.40018
