timestamps:
  login: 1336694742561
  lastteleport: 1336601128042
  logout: 1336694829234
ipAddress: 70.77.56.8
lastlocation:
  world: world
  x: 3919.50317520481
  y: 88.0
  z: 282.53690743494224
  yaw: 101.95062
  pitch: 5.399993
