timestamps:
  login: 1341102183945
  logout: 1341107773127
  lastteleport: 1341107565110
ipAddress: 85.232.212.247
lastlocation:
  world: world
  x: 466.92696474978254
  y: 69.0
  z: 746.4077990028869
  yaw: 86.89917
  pitch: 69.351654
homes:
  home:
    world: world
    x: 526.4968283616786
    y: 69.0
    z: 718.7666113134355
    yaw: 236.75073
    pitch: 12.801673
