timestamps:
  login: 1338211278784
  logout: 1338211666048
  lastteleport: 1338211567475
ipAddress: 98.242.250.233
lastlocation:
  world: world
  x: -59.15149135369185
  y: 85.0
  z: 353.06773677820513
  yaw: -231.69789
  pitch: 19.000244
mail:
- 'Mc_Grammar: Hello'
