timestamps:
  login: 1336587585264
  lastteleport: 1336588916443
  logout: 1336588937612
ipAddress: 82.73.132.128
lastlocation:
  world: world
  x: 3458.866339549778
  y: 63.0
  z: 965.341445737151
  yaw: -75.12543
  pitch: -12.300005
money: 17217.0
homes:
  home:
    world: world
    x: 3468.663275772226
    y: 63.0
    z: 969.0442183892894
    yaw: 95.87463
    pitch: 13.649995
ban:
  reason: for being a faggot
