timestamps:
  login: 1340582729003
  logout: 1340582792720
ipAddress: 75.68.56.128
lastlocation:
  world: world
  x: -80.6654434274677
  y: 74.0
  z: 377.46240926116275
  yaw: 189.31033
  pitch: 16.256004
