timestamps:
  login: 1334074593998
  logout: 1334075081134
  lastteleport: 1334074966504
ipAddress: 109.148.233.213
lastlocation:
  world: world
  x: 403.6293618505549
  y: 67.0
  z: 121.167268080008
  yaw: -180.77208
  pitch: 4.649998
