timestamps:
  login: 1334005241571
  lastteleport: 1334005350119
  logout: 1334005637312
ipAddress: 90.204.175.245
lastlocation:
  world: world
  x: 404.1263564965232
  y: 68.0
  z: 192.06051239954965
  yaw: -185.57246
  pitch: 15.749735
