timestamps:
  login: 1337411470171
  lastteleport: 1337413972071
  logout: 1337413975463
ipAddress: 174.136.119.170
lastlocation:
  world: world
  x: -125.9146459013856
  y: 66.0
  z: 154.64628130204505
  yaw: 285.5512
  pitch: 11.878635
