timestamps:
  login: 1335482706817
  lastteleport: 1335482875634
  logout: 1335482972313
ipAddress: 68.36.209.109
lastlocation:
  world: world
  x: 4399.699999988079
  y: 15.0
  z: 240.69999998807907
  yaw: -49.689037
  pitch: 32.35279
