timestamps:
  login: 1333989997362
  lastteleport: 1333990031005
  logout: 1333990033845
ipAddress: 64.150.136.201
lastlocation:
  world: world
  x: 401.97007164732844
  y: 68.0
  z: 168.50028613252843
  yaw: -161.42233
  pitch: 19.349743
