timestamps:
  login: 1334011700134
  logout: 1334016045536
  lastteleport: 1334014654955
ipAddress: 99.43.178.244
lastlocation:
  world: world
  x: 224.33650832330403
  y: 66.0
  z: 724.385335565106
  yaw: -52.520233
  pitch: 9.750038
money: 40.0
