timestamps:
  login: 1333941367350
  logout: 1333942137889
  lastteleport: 1333941679042
ipAddress: 124.177.120.64
lastlocation:
  world: world
  x: 375.4569176915551
  y: 65.0
  z: 936.891471618824
  yaw: -168.27844
  pitch: 19.958447
