timestamps:
  login: 1336687852283
  lastteleport: 1335344157000
  logout: 1336688127803
ipAddress: 27.32.145.2
lastlocation:
  world: world
  x: 735.1983404522991
  y: 73.0
  z: -1990.8429069006863
  yaw: 267.06537
  pitch: -46.049236
