timestamps:
  login: 1335416835404
  logout: 1335416912648
  lastteleport: 1335416793853
ipAddress: 68.2.82.6
lastlocation:
  world: world
  x: 763.2084076208149
  y: 67.0
  z: -2017.3969613428185
  yaw: 94.523834
  pitch: 11.250011
