timestamps:
  login: 1336355044096
  logout: 1336355179586
  lastteleport: 1336355007147
ipAddress: 66.159.118.205
lastlocation:
  world: world
  x: 3875.590453182678
  y: 64.0
  z: 343.40748555588027
  yaw: 320.449
  pitch: 0.71717376
