timestamps:
  login: 1335463011825
  lastteleport: 1335463182310
  logout: 1335463222653
ipAddress: 81.156.29.212
lastlocation:
  world: world
  x: 16947.7354129109
  y: 63.0
  z: 1730.699999988079
  yaw: -303.22302
  pitch: 10.05002
