timestamps:
  login: 1335558805220
  lastteleport: 1335558812756
  logout: 1335559364982
ipAddress: 82.182.93.196
lastlocation:
  world: world
  x: 3923.425284249498
  y: 76.0
  z: 344.6072227809182
  yaw: -285.3746
  pitch: 21.54174
