timestamps:
  login: 1338082126792
  logout: 1338082155637
  lastteleport: 1338082131477
ipAddress: 80.163.52.253
lastlocation:
  world: world
  x: -82.92500001192093
  y: 80.0
  z: 428.905901380464
  yaw: -1.6501586
  pitch: 11.092449
