timestamps:
  login: 1337228906988
  lastteleport: 1337228917573
  logout: 1337229378366
ipAddress: 83.108.64.243
lastlocation:
  world: world
  x: 20134.52259083675
  y: 64.5
  z: 20003.897254419084
  yaw: 89.5993
  pitch: 19.456142
money: 89390.0
homes:
  home:
    world: world
    x: 3453.394691554437
    y: 67.0
    z: 3370.86865129582
    yaw: 175.27722
    pitch: 34.949993
ban:
  reason: for griefing you faggot ass mother fucking bitch
