timestamps:
  login: 1335646094834
  lastteleport: 1335646821278
  logout: 1335646891430
ipAddress: 70.77.237.130
lastlocation:
  world: world
  x: 3496.594499279597
  y: 105.0
  z: 1814.1355064007514
  yaw: -30.077942
  pitch: 6.586547
money: 100.0
