timestamps:
  login: 1335185740365
  lastteleport: 1335186001798
  logout: 1335186020237
ipAddress: 188.113.102.28
lastlocation:
  world: world
  x: 3803.0935025883914
  y: 38.0
  z: 1827.5685989862707
  yaw: 105.971985
  pitch: 29.249985
