timestamps:
  login: 1335049927220
  lastteleport: 1335051202800
  logout: 1335051328727
ipAddress: 76.214.48.11
lastlocation:
  world: world
  x: 3107.7954465614207
  y: 80.0
  z: 1417.0374735411742
  yaw: -335.61417
  pitch: 18.599981
money: 266.0
