timestamps:
  login: 1336065631335
  lastteleport: 1336066070936
  logout: 1336066446329
ipAddress: 86.184.253.212
lastlocation:
  world: world
  x: 1282.013654867616
  y: 63.0
  z: 2632.7024418519736
  yaw: 5.510437
  pitch: 20.03997
money: 0.0
