timestamps:
  login: 1338180407289
  logout: 1338180428243
  lastteleport: 1337068807217
ipAddress: 207.219.69.229
lastlocation:
  world: world
  x: -154.30000001192093
  y: 37.0
  z: 338.83906651017014
  yaw: -49.350197
  pitch: 7.650003
