timestamps:
  login: 1335729781852
  lastteleport: 1335729692112
  logout: 1335729835788
ipAddress: 109.145.17.95
lastlocation:
  world: world
  x: 3513.8872019356086
  y: 107.0
  z: 1845.1875592064182
  yaw: -301.72836
  pitch: -32.55004
