timestamps:
  login: 1335906908219
  lastteleport: 1335907066366
  logout: 1335907111252
ipAddress: 50.89.252.155
lastlocation:
  world: world
  x: 3860.266103759357
  y: 71.0
  z: 321.0579495676517
  yaw: -173.15407
  pitch: 2.1061898E-4
