timestamps:
  login: 1336224793289
  lastteleport: 1336225005747
  logout: 1336225099725
ipAddress: 123.211.4.169
lastlocation:
  world: world
  x: 3860.256373835824
  y: 71.0
  z: 320.4789951292506
  yaw: 184.8963
  pitch: 4.6501746
