timestamps:
  login: 1335889093697
  lastteleport: 1335889443495
  logout: 1335889496938
ipAddress: 195.67.240.218
lastlocation:
  world: world
  x: 1232.9299400474338
  y: 64.0
  z: 2568.53914293941
  yaw: 274.45312
  pitch: 9.60001
