timestamps:
  login: 1335326713235
  lastteleport: 1335279080098
  logout: 1335326717279
ipAddress: 110.151.176.79
lastlocation:
  world: world
  x: 771.2653091790394
  y: 67.0
  z: -2014.9610622198095
  yaw: 95.72376
  pitch: 0.74999905
money: 0.0
