timestamps:
  login: 1334995803623
  lastteleport: 1334995861020
  logout: 1334996062066
ipAddress: 89.168.94.218
lastlocation:
  world: world
  x: 3106.8699921200937
  y: 80.0
  z: 1417.207015973011
  yaw: -0.029846191
  pitch: 15.707708
money: 60.0
