timestamps:
  login: 1334362797027
  lastteleport: 1334363155748
  logout: 1334363440921
ipAddress: 98.193.120.110
lastlocation:
  world: world
  x: 414.18900121700125
  y: 66.0
  z: 175.22274408150443
  yaw: -321.81677
  pitch: 4.7022386
