timestamps:
  login: 1340742953627
  lastteleport: 1340743690373
  logout: 1340743868214
ipAddress: 77.102.142.239
lastlocation:
  world: world
  x: -307.19443264355004
  y: 78.0
  z: 653.946148641155
  yaw: -237.59969
  pitch: 28.050013
