timestamps:
  login: 1334972665099
  lastteleport: 1334972857817
  logout: 1334972893544
ipAddress: 108.173.157.189
lastlocation:
  world: world
  x: 3056.3575455823197
  y: 62.0
  z: 1478.1195165446177
  yaw: -177.81592
  pitch: 17.399975
