timestamps:
  login: 1335730437433
  logout: 1335730496269
  lastteleport: 1335730455729
ipAddress: 108.64.143.1
lastlocation:
  world: world
  x: 851.322437728948
  y: 64.0
  z: -1920.6337611883907
  yaw: 45.623695
  pitch: 10.799947
