timestamps:
  login: 1339313806455
  logout: 1339313892930
ipAddress: 59.189.209.161
lastlocation:
  world: world
  x: 29.63596344555812
  y: 74.0
  z: 425.71095163300504
  yaw: 308.58038
  pitch: 35.337612
