timestamps:
  login: 1338593015968
  logout: 1338593310038
ipAddress: 85.177.0.2
lastlocation:
  world: world_nether
  x: 175.88861487062425
  y: 128.0
  z: 153.83518449512403
  yaw: 77.083824
  pitch: -26.100014
