timestamps:
  login: 1334091851086
  lastteleport: 1334091974189
  logout: 1334092080365
ipAddress: 67.165.30.59
lastlocation:
  world: world
  x: 430.10608253012595
  y: 65.0
  z: 973.5227667127722
  yaw: -187.65027
  pitch: 3.963527
