timestamps:
  login: 1340689126933
  logout: 1340689179655
ipAddress: 121.214.140.10
lastlocation:
  world: world
  x: -109.59341040238552
  y: 74.0
  z: 417.4550063291237
  yaw: -46.200626
  pitch: 26.39999
