timestamps:
  login: 1334377713474
  lastteleport: 1334377698721
  logout: 1334377715362
ipAddress: 184.91.106.245
lastlocation:
  world: world
  x: 403.8716764046899
  y: 68.0
  z: 190.43049787413247
  yaw: -160.52245
  pitch: -1.9502717
