timestamps:
  login: 1335730392259
  lastteleport: 1335730454680
  logout: 1335730506319
ipAddress: 108.3.178.130
lastlocation:
  world: world
  x: 3860.3041380955465
  y: 71.0
  z: 320.3540630355786
  yaw: -164.15437
  pitch: 9.450186
