timestamps:
  login: 1337395473711
  lastteleport: 1337395957685
  logout: 1337396054367
ipAddress: 217.44.84.21
lastlocation:
  world: world
  x: 108.4779461550039
  y: 23.0
  z: 489.3231043635942
  yaw: -139.80008
  pitch: 5.6999664
homes:
  home:
    world: world
    x: 632.512625038917
    y: 66.0
    z: 558.1220312187872
    yaw: 224.60942
    pitch: 44.850002
