timestamps:
  login: 1335318702609
  logout: 1335318757753
  lastteleport: 1335313104444
ipAddress: 96.38.173.30
lastlocation:
  world: world
  x: 793.808756990636
  y: 67.0
  z: -1997.4031869473554
  yaw: -65.91056
  pitch: 4.770413
