timestamps:
  login: 1333993023314
  lastteleport: 1333993372943
  logout: 1333993525303
ipAddress: 66.63.213.220
lastlocation:
  world: world
  x: 155.60482253705106
  y: 72.0
  z: 880.3827611237854
  yaw: -284.12018
  pitch: 21.44997
