timestamps:
  login: 1338018378756
  logout: 1338018957353
  lastteleport: 1338018910618
ipAddress: 24.62.198.179
lastlocation:
  world: world
  x: -49.181835445042594
  y: 80.0
  z: 428.8539593068008
  yaw: -169.4644
  pitch: 24.029453
ban:
  reason: Derp?
