timestamps:
  login: 1335654895703
  lastteleport: 1335653131518
  logout: 1335654896341
ipAddress: 24.236.184.102
lastlocation:
  world: world
  x: 3947.300000011921
  y: 86.0
  z: 261.7999916977202
  yaw: -46.056217
  pitch: 34.2
