timestamps:
  login: 1334252256386
  logout: 1334253095850
  lastteleport: 1334071086698
ipAddress: 184.184.116.217
lastlocation:
  world: world
  x: 403.79298541746067
  y: 68.0
  z: 168.01511630452373
  yaw: -181.67778
  pitch: 19.741032
