timestamps:
  login: 1336399101155
  logout: 1336399119777
  lastteleport: 1335702551018
ipAddress: 92.20.146.54
lastlocation:
  world: world
  x: 3886.7766608716206
  y: 78.92159999847412
  z: 314.4957216421595
  yaw: 264.69534
  pitch: 23.850204
