timestamps:
  login: 1333927373987
  lastteleport: 1333927745909
  logout: 1333928022505
ipAddress: 71.253.195.112
lastlocation:
  world: world
  x: 204.92180271087452
  y: 63.0
  z: 712.3000000119209
  yaw: -224.57037
  pitch: 45.750027
