timestamps:
  login: 1336256224417
  lastteleport: 1335720435373
  logout: 1336256237022
  mute: 0
ipAddress: 208.118.205.57
lastlocation:
  world: world
  x: 3799.227651422049
  y: 64.0
  z: 1926.5978942414183
  yaw: 202.08104
  pitch: 0.2999933
muted: true
money: 294.0
