timestamps:
  login: 1340771027171
  logout: 1340771092900
ipAddress: 68.69.221.94
lastlocation:
  world: world
  x: -191.12920044642615
  y: 74.5
  z: 570.9526865950647
  yaw: -203.9999
  pitch: 22.49999
