timestamps:
  login: 1338440637159
  logout: 1338440772793
  lastteleport: 1337718771816
ipAddress: 199.91.214.51
lastlocation:
  world: world
  x: 124.21576652810455
  y: 64.0
  z: -604.4434728674908
  yaw: -32.111897
  pitch: 22.157177
homes:
  home:
    world: world
    x: 110.60232018743305
    y: 58.0
    z: -588.5045974278637
    yaw: 269.9198
    pitch: 4.7769437
