timestamps:
  login: 1335048357310
  lastteleport: 1335050134554
  logout: 1335051198777
ipAddress: 184.148.112.79
lastlocation:
  world: world
  x: 3055.9210049408653
  y: 62.0
  z: 1476.7567475964672
  yaw: -184.86333
  pitch: 27.149977
money: 297.0
