timestamps:
  login: 1334191944934
  lastteleport: 1334192170684
  logout: 1334192226023
ipAddress: 71.53.77.67
lastlocation:
  world: world
  x: 332.30000001192093
  y: 63.0
  z: 774.3571951559093
  yaw: 149.59698
  pitch: 1.8521247
