timestamps:
  login: 1340176385237
  logout: 1340176389040
ipAddress: 173.74.132.145
lastlocation:
  world: world
  x: -44.734784183742335
  y: 77.0
  z: 426.88202163929003
  yaw: -166.55908
  pitch: 1.4748553
