timestamps:
  login: 1336357246859
  lastteleport: 1336357270458
  logout: 1336358264803
ipAddress: 173.22.221.100
lastlocation:
  world: world
  x: 3886.4124194878987
  y: 64.0
  z: 365.34692316442647
  yaw: 220.59541
  pitch: 11.850218
