timestamps:
  login: 1336523521455
  lastteleport: 1336523835038
  logout: 1336524308212
ipAddress: 173.49.181.161
lastlocation:
  world: world
  x: 3467.744270261783
  y: 59.0
  z: 1863.8593391150296
  yaw: -89.79492
  pitch: 2.0169897
