timestamps:
  login: 1341109695133
  lastteleport: 1341112238545
  logout: 1341113065749
ipAddress: 98.24.169.219
nickname: §1§lE§2§lv§4§la§5§ln
lastlocation:
  world: world
  x: 2088.760706766563
  y: 64.0
  z: 175.1293106096411
  yaw: 78.01758
  pitch: 31.350069
afk: false
