timestamps:
  login: 1339965949224
  logout: 1339967017177
  lastteleport: 1339966727637
ipAddress: 69.181.69.70
lastlocation:
  world: world
  x: -43.79385265431606
  y: 77.0
  z: 426.4650621998278
  yaw: 273.87338
  pitch: 38.16273
