timestamps:
  login: 1334065568141
  lastteleport: 1334065488991
  logout: 1334065699679
ipAddress: 60.242.187.58
lastlocation:
  world: world
  x: 405.5500286403305
  y: 67.0
  z: 100.36941950065345
  yaw: -5.423845
  pitch: 7.799964
money: 50.0
