timestamps:
  login: 1336170387708
  logout: 1336170546399
  lastteleport: 1336170402861
ipAddress: 96.51.128.196
lastlocation:
  world: world
  x: 3891.508474926667
  y: 64.0
  z: 370.32513056988256
  yaw: 150.01144
  pitch: 9.096316
homes:
  home:
    world: world
    x: 3757.300000011921
    y: 65.0
    z: 241.69999998807907
    yaw: 241.42299
    pitch: 16.050932
