timestamps:
  login: 1334195111992
  lastteleport: 1334194901741
  logout: 1334195126526
ipAddress: 173.68.152.234
lastlocation:
  world: world
  x: 399.7174586815597
  y: 64.0
  z: 161.6061982488475
  yaw: -63.473633
  pitch: 24.000002
