timestamps:
  login: 1333981746988
  lastteleport: 1333981968590
  logout: 1333981981427
ipAddress: 88.88.127.35
lastlocation:
  world: world
  x: 375.40682465247903
  y: 89.5
  z: 984.4563281724371
  yaw: -178.07104
  pitch: 10.349975
