timestamps:
  login: 1340675805082
  logout: 1340675834655
ipAddress: 96.60.36.194
lastlocation:
  world: world
  x: -47.91765584445405
  y: 76.0
  z: 429.25338430370124
  yaw: -2.4000251
  pitch: 42.600002
