timestamps:
  login: 1340727251707
  lastteleport: 1340727468414
  logout: 1340727469605
ipAddress: 75.5.242.111
lastlocation:
  world: world
  x: -45.5
  y: 77.0
  z: 426.5
  yaw: -8.010946
  pitch: 50.511658
