timestamps:
  login: 1334521439544
  lastteleport: 1334440710509
  logout: 1334521444374
ipAddress: 108.197.234.59
lastlocation:
  world: world
  x: 1488.5
  y: 70.0
  z: 194.5
  yaw: -235.37802
  pitch: -0.6065715
