timestamps:
  login: 1335125878297
  lastteleport: 1335097767026
  logout: 1335125886585
ipAddress: 108.35.157.115
lastlocation:
  world: world
  x: 3023.699999988079
  y: 11.0
  z: 775.3119798354124
  yaw: 275.63876
  pitch: 7.468759
money: 298.0
