timestamps:
  login: 1338676603555
  lastteleport: 1335104626722
  logout: 1338680078228
ipAddress: 71.219.155.226
lastlocation:
  world: world
  x: -122.04615715289313
  y: 44.0
  z: 540.049267779707
  yaw: -62.55835
  pitch: 30.979223
money: 296.0
