timestamps:
  login: 1336227084163
  lastteleport: 1336227193227
  logout: 1336227549717
ipAddress: 202.124.75.22
lastlocation:
  world: world
  x: 3891.508474926667
  y: 64.0
  z: 370.32513056988256
  yaw: 136.59544
  pitch: 20.100214
