timestamps:
  login: 1340682009139
  logout: 1340682009604
ipAddress: 173.22.78.29
lastlocation:
  world: world
  x: -44.482593099172206
  y: 77.0
  z: 427.3898296716227
  yaw: 195.30008
  pitch: 18.300003
