timestamps:
  login: 1337558233794
  lastteleport: 1337557172043
  logout: 1337558429803
ipAddress: 62.198.146.111
lastlocation:
  world: world
  x: -50.21938545542795
  y: 74.0
  z: 437.1614075318465
  yaw: -117.75014
  pitch: 7.4999514
