timestamps:
  login: 1340575488955
  logout: 1340575555144
ipAddress: 96.27.140.33
lastlocation:
  world: world
  x: -74.0295413934137
  y: 74.5
  z: 445.6667781312526
  yaw: -30.14972
  pitch: -1.9499613
