timestamps:
  login: 1333925709626
  lastteleport: 1333926062242
ipAddress: 98.159.18.190
lastlocation:
  world: world
  x: 375.4185804866516
  y: 89.5
  z: 984.8415016138163
  yaw: -121.071045
  pitch: 18.749975
