timestamps:
  login: 1334270740472
  lastteleport: 1333926277043
  logout: 1334271208168
ipAddress: 83.181.26.175
lastlocation:
  world: world
  x: 367.7676930906609
  y: 76.5
  z: 990.064613144525
  yaw: -40.670834
  pitch: 10.049935
