timestamps:
  login: 1340687152799
  logout: 1340687214604
  lastteleport: 1339310550455
ipAddress: 68.190.60.72
lastlocation:
  world: world
  x: -104.89423755453981
  y: 74.0
  z: 367.084595889487
  yaw: 149.45145
  pitch: 74.044785
