timestamps:
  login: 1338648709342
  logout: 1338648739115
ipAddress: 66.235.95.25
lastlocation:
  world: world
  x: -19.123385852524734
  y: 77.0
  z: 481.05840399099253
  yaw: 10.050066
  pitch: 41.55002
