timestamps:
  login: 1335736339153
  lastteleport: 1335736550752
  logout: 1335736646589
ipAddress: 71.11.162.85
lastlocation:
  world: world
  x: 3967.688054798175
  y: 81.0
  z: 276.05489907900005
  yaw: -358.70007
  pitch: 15.528541
