timestamps:
  login: 1334415490781
  lastteleport: 1334415529968
  logout: 1334415732217
ipAddress: 207.81.87.194
lastlocation:
  world: world
  x: 403.50553620590875
  y: 68.0
  z: 166.19448611884235
  yaw: -187.23076
  pitch: 11.30496
