timestamps:
  login: 1335689676284
  lastteleport: 1335689618884
  logout: 1335689710880
ipAddress: 118.137.65.218
lastlocation:
  world: world
  x: 3858.7223162768532
  y: 71.0
  z: 321.6667955904756
  yaw: 198.39557
  pitch: 8.100192
