timestamps:
  login: 1333990692681
  lastteleport: 1333990727438
  logout: 1333990776401
ipAddress: 78.149.229.69
lastlocation:
  world: world
  x: 402.7745127293073
  y: 68.0
  z: 168.33718653452175
  yaw: -227.12236
  pitch: 19.649748
