timestamps:
  login: 1335818302028
  lastteleport: 1335818387702
  logout: 1335819457966
ipAddress: 88.104.233.205
lastlocation:
  world: world
  x: 3810.925901213059
  y: 86.0
  z: 342.5630049354957
  yaw: 54.39666
  pitch: 71.55
money: 1.0
