timestamps:
  login: 1336248622261
  lastteleport: 1336248657897
  logout: 1336248724580
ipAddress: 84.212.27.32
lastlocation:
  world: world
  x: 3864.118354291763
  y: 64.0
  z: 337.3694566341442
  yaw: 40.19423
  pitch: -7.757862
