timestamps:
  login: 1337128969671
  lastteleport: 1337128904677
  logout: 1337129450042
ipAddress: 80.212.198.85
lastlocation:
  world: world
  x: 10.821285793761414
  y: 10.0
  z: 528.3288471321932
  yaw: -20.699799
  pitch: -0.15001835
