timestamps:
  login: 1336512333197
  lastteleport: 1336512291498
  logout: 1336512362383
ipAddress: 76.177.127.30
lastlocation:
  world: world
  x: 3890.0645488189516
  y: 64.0
  z: 367.93392995053995
  yaw: 136.59544
  pitch: 20.100214
