timestamps:
  login: 1338101509657
  logout: 1338101510304
  lastteleport: 1335989423399
ipAddress: 67.82.25.42
lastlocation:
  world: world
  x: -49.5
  y: 80.0
  z: 428.5
  yaw: -96.297485
  pitch: 22.465334
