timestamps:
  login: 1334272335029
  lastteleport: 1334272363174
  logout: 1334272452458
ipAddress: 72.200.23.172
lastlocation:
  world: world
  x: 403.47369114472895
  y: 64.0
  z: 143.12331580646733
  yaw: -179.27246
  pitch: 26.999727
