timestamps:
  login: 1336380443905
  lastteleport: 1336380604354
  logout: 1336381147502
ipAddress: 118.93.69.81
lastlocation:
  world: world
  x: 2099.2168850051407
  y: 70.0
  z: 1336.127043725679
  yaw: -161.2429
  pitch: 21.875124
