timestamps:
  login: 1333926342543
  lastteleport: 1333926549188
  logout: 1333926604879
ipAddress: 67.117.145.183
lastlocation:
  world: world
  x: 375.67114469799077
  y: 65.5
  z: 956.1999999880791
  yaw: 197.52881
  pitch: 6.599963
