timestamps:
  login: 1341066877316
  lastteleport: 1341069558084
  logout: 1341069585227
ipAddress: 74.97.41.13
lastlocation:
  world: world
  x: -284.0016908021158
  y: 46.0
  z: 1003.3000000119209
  yaw: 72.82825
  pitch: 9.899981
homes:
  home:
    world: world
    x: -323.5213852794826
    y: 46.0
    z: 1019.5424621784065
    yaw: 36.828217
    pitch: 28.799984
