timestamps:
  login: 1335486267488
  lastteleport: 1335485864535
  logout: 1335486269277
ipAddress: 68.36.209.109
lastlocation:
  world: world
  x: 4400.501207050771
  y: 6.0
  z: 238.30000001192093
  yaw: 208.59308
  pitch: 87.26835
