timestamps:
  login: 1334148470426
  mute: 0
  logout: 1334148561331
  lastteleport: 1334148517444
ipAddress: 24.163.1.101
lastlocation:
  world: world
  x: 403.8109141477489
  y: 67.0
  z: 114.58193585154669
  yaw: -44.273766
  pitch: -0.599982
muted: true
