timestamps:
  login: 1335556503732
  lastteleport: 1335556572232
  logout: 1335556581836
ipAddress: 96.252.69.155
lastlocation:
  world: world
  x: 4010.2749685826725
  y: 67.0
  z: 308.06672631967064
  yaw: 279.84567
  pitch: 9.899968
