timestamps:
  login: 1335044897054
  lastteleport: 1335045063154
  logout: 1335045164880
ipAddress: 66.60.191.76
lastlocation:
  world: world
  x: 3056.7001639821524
  y: 62.0
  z: 1476.3713286478849
  yaw: 147.68556
  pitch: 30.899971
