timestamps:
  login: 1337467492654
  lastteleport: 1337467551684
  logout: 1337467590913
ipAddress: 24.161.14.87
lastlocation:
  world: world
  x: 2620.6290645625786
  y: 38.0
  z: 3290.9951186870603
  yaw: 61.358196
  pitch: 11.496348
homes:
  home:
    world: world
    x: -276.2722420002482
    y: 72.0
    z: 702.9138814289812
    yaw: 352.61588
    pitch: 8.160734
ban:
  reason: greifing 3 days
