timestamps:
  login: 1338111080882
  logout: 1338111273419
ipAddress: 68.184.25.16
lastlocation:
  world: world
  x: -133.90234374300186
  y: 75.0
  z: 642.4350833578983
  yaw: -65.19513
  pitch: 24.768064
