timestamps:
  login: 1341073309192
  lastteleport: 1340833599264
  logout: 1341074765176
ipAddress: 24.154.89.16
lastlocation:
  world: world
  x: 2466.547111489754
  y: 64.0
  z: 1714.6814486273329
  yaw: 330.125
  pitch: 4.29896
