timestamps:
  login: 1335510153970
  lastteleport: 1335510166405
  logout: 1335510245902
ipAddress: 123.211.58.127
lastlocation:
  world: world
  x: 582.5413889837184
  y: 27.0
  z: -1516.920521027393
  yaw: 193.74849
  pitch: 10.349997
