timestamps:
  login: 1340149417603
  logout: 1340150066586
  lastteleport: 1340149620255
ipAddress: 75.141.220.234
lastlocation:
  world: world
  x: 38.482433573474715
  y: 1.0
  z: 479.54222740160645
  yaw: -137.25
  pitch: 31.050016
