timestamps:
  login: 1336839153108
  lastteleport: 1336837549750
  logout: 1336839156377
ipAddress: 67.160.169.76
lastlocation:
  world: world_nether
  x: -25.699999988079067
  y: 77.0
  z: -375.4360362059642
  yaw: -271.6265
  pitch: 4.7999744
