timestamps:
  login: 1338666790066
  logout: 1338666819913
  lastteleport: 1338516173927
ipAddress: 90.227.61.125
lastlocation:
  world: world
  x: 11.767524821679029
  y: 77.0
  z: 367.2354778295118
  yaw: 221.4464
  pitch: -9.701993
money: 294.0
