timestamps:
  login: 1338494456688
  lastteleport: 1338494505179
  logout: 1338494544410
ipAddress: 87.59.198.80
homes:
  home:
    world: world
    x: 871.9064365353155
    y: 64.0
    z: 180.4704013915845
    yaw: 85.955055
    pitch: 37.588398
lastlocation:
  world: world
  x: 889.5146330288816
  y: 46.0
  z: 173.91232593831242
  yaw: 246.89844
  pitch: 21.96105
