timestamps:
  login: 1334371625733
  lastteleport: 1334372177675
  logout: 1334372416354
ipAddress: 74.182.115.37
lastlocation:
  world: world
  x: 200.39389918757982
  y: 70.0
  z: 789.8433814624366
  yaw: -137.72023
  pitch: 17.100058
