timestamps:
  login: 1336824430369
  lastteleport: 1335070427864
  logout: 1336824446599
ipAddress: 203.97.161.235
lastlocation:
  world: world
  x: 3100.259029956884
  y: 75.0
  z: 804.8625132531407
  yaw: -101.437225
  pitch: 9.948027
money: 297.0
