timestamps:
  login: 1338350240983
  logout: 1338353489667
ipAddress: 96.21.185.25
lastlocation:
  world: world
  x: -54.9447799813328
  y: 77.0
  z: 434.9289709628072
  yaw: 53.001884
  pitch: 15.40024
