timestamps:
  login: 1334460233275
  lastteleport: 1334461101051
  logout: 1334461355362
ipAddress: 98.184.191.15
lastlocation:
  world: world
  x: 1489.0202964863206
  y: 70.0
  z: 193.00742334253493
  yaw: -175.528
  pitch: 5.393429
