timestamps:
  login: 1333989864957
  logout: 1333989938625
ipAddress: 108.16.205.122
lastlocation:
  world: world
  x: 407.5
  y: 71.92543845651959
  z: 203.5
  yaw: 0.10281091
  pitch: 0.10281091
