timestamps:
  login: 1335508233610
  logout: 1335508465860
  lastteleport: 1335339423321
  mute: 0
ipAddress: 180.181.46.45
lastlocation:
  world: world
  x: 757.4308804546284
  y: 73.0
  z: -2012.4323279546122
  yaw: 276.17365
  pitch: 43.04999
muted: false
money: 298.0
