timestamps:
  login: 1340366349126
  lastteleport: 1340366428579
  logout: 1340366488183
ipAddress: 121.214.52.105
lastlocation:
  world: world
  x: 3073.5
  y: 44.0
  z: -488.5
  yaw: -324.34363
  pitch: 31.812454
