timestamps:
  login: 1336215166904
  lastteleport: 1336215194003
  logout: 1336215279999
ipAddress: 122.105.115.247
lastlocation:
  world: world
  x: 3880.618333015947
  y: 64.0
  z: 356.2094255366236
  yaw: -204.65456
  pitch: 29.850216
