timestamps:
  login: 1336407692433
  lastteleport: 1336407736764
  logout: 1336407747661
ipAddress: 95.145.26.121
lastlocation:
  world: world
  x: 3349.699999988079
  y: 67.0
  z: 2234.0428479714055
  yaw: -94.104866
  pitch: 22.642956
homes:
  home:
    world: world
    x: 3348.840871598383
    y: 64.0
    z: 2239.699999988079
    yaw: 153.074
    pitch: 15.801853
money: 72.0
