timestamps:
  login: 1335304875210
  lastteleport: 1335305183863
  logout: 1335305612599
ipAddress: 24.190.248.211
lastlocation:
  world: world
  x: 740.3561302318492
  y: 73.0
  z: -1990.107284878852
  yaw: 226.52373
  pitch: 22.350006
