timestamps:
  login: 1338262967983
  lastteleport: 1338262975915
  logout: 1338263271833
ipAddress: 80.203.50.233
lastlocation:
  world: world
  x: -61.66601169597045
  y: 77.0
  z: 412.7707092482133
  yaw: -179.64813
  pitch: 23.050251
