timestamps:
  login: 1335648909664
  lastteleport: 1335450704220
  logout: 1335648930973
ipAddress: 24.72.32.68
lastlocation:
  world: world
  x: 4851.641453301998
  y: 67.0
  z: 375.62361056024287
  yaw: -309.87924
  pitch: 26.399952
