timestamps:
  login: 1340675521213
  logout: 1340675684604
ipAddress: 96.246.22.89
lastlocation:
  world: world
  x: -46.44841217075377
  y: 77.0
  z: 429.24091968956355
  yaw: 223.5003
  pitch: 0.90000725
