timestamps:
  login: 1335393084437
  lastteleport: 1335393226145
  logout: 1335393359876
ipAddress: 74.196.44.165
lastlocation:
  world: world
  x: 763.2390355872504
  y: 67.0
  z: -2017.4335868624935
  yaw: 153.77365
  pitch: -13.650003
