timestamps:
  login: 1336827992420
  lastteleport: 1336728602997
  logout: 1336827996649
ipAddress: 58.164.106.204
lastlocation:
  world: world
  x: 3859.894749028835
  y: 77.0
  z: 320.36433816689646
  yaw: 277.14478
  pitch: 22.350183
