timestamps:
  login: 1334066851852
  logout: 1334066901133
  lastteleport: 1334066871854
ipAddress: 217.119.47.108
lastlocation:
  world: world
  x: 404.5
  y: 67.0
  z: 110.5
  yaw: 183.72624
  pitch: 23.549976
