timestamps:
  login: 1336608227713
  logout: 1336249654580
  lastteleport: 1336607977663
ipAddress: 68.149.74.123
lastlocation:
  world: world
  x: 3890.2783683269254
  y: 64.0
  z: 368.1604373457384
  yaw: 303.39545
  pitch: 1.2002214
