timestamps:
  login: 1334848554189
  lastteleport: 1334849082544
  logout: 1334849419735
ipAddress: 62.199.192.47
lastlocation:
  world: world
  x: 1517.0054285988049
  y: 82.5
  z: -187.7541718472547
  yaw: 91.01819
  pitch: -7.0500107
