timestamps:
  login: 1335890147574
  lastteleport: 1335890214698
  logout: 1335890241938
ipAddress: 217.14.12.31
lastlocation:
  world: world
  x: 3858.415084608949
  y: 71.0
  z: 321.20503616175273
  yaw: -157.55446
  pitch: 2.7002
