timestamps:
  login: 1335638210167
  logout: 1335638239064
  lastteleport: 1335378292803
ipAddress: 89.236.39.187
lastlocation:
  world: world
  x: 628.9472279003548
  y: 66.3845160208866
  z: -3212.7143684152547
  yaw: -250.25035
  pitch: -0.926845
