timestamps:
  login: 1336666436884
  logout: 1336666631564
  lastteleport: 1336485543304
ipAddress: 83.183.215.109
lastlocation:
  world: world
  x: 4004.951829502561
  y: 71.0
  z: 315.69999998807907
  yaw: -354.7697
  pitch: 19.337347
