timestamps:
  login: 1335375629201
  logout: 1335375860496
  lastteleport: 1335375848901
ipAddress: 24.102.234.97
lastlocation:
  world: world
  x: 4399.300000011921
  y: 4.024424088213681
  z: 233.69999998807907
  yaw: 28.517344
  pitch: -90.0
