timestamps:
  login: 1335048754052
  lastteleport: 1335049245453
  logout: 1335049988593
ipAddress: 68.96.67.210
lastlocation:
  world: world
  x: 3800.496646527001
  y: 64.0
  z: 1876.7558096306645
  yaw: 341.12695
  pitch: 16.499996
money: 19.0
