timestamps:
  login: 1333992352515
  lastteleport: 1333992205583
  logout: 1333992353900
ipAddress: 50.135.16.105
lastlocation:
  world: world
  x: 405.0509839684909
  y: 64.0
  z: 157.8216536026951
  yaw: -241.67238
  pitch: -1.2002666
