timestamps:
  login: 1340674726619
  logout: 1340675047832
ipAddress: 72.67.103.129
lastlocation:
  world: world
  x: 2277.7605171606083
  y: 56.2996754365483
  z: 1210.0988179136323
  yaw: 17.906784
  pitch: 4.7706943
