timestamps:
  login: 1334080994275
  lastteleport: 1334081244678
  logout: 1334081313350
ipAddress: 81.231.105.165
lastlocation:
  world: world
  x: 221.52808523497714
  y: 68.0
  z: 683.3069320727424
  yaw: 52.32898
  pitch: 24.599955
money: 0.0
