timestamps:
  login: 1336144191704
  logout: 1336144379600
  lastteleport: 1336144201159
ipAddress: 79.161.131.14
lastlocation:
  world: world
  x: 3878.699999988079
  y: 80.40000000000023
  z: 323.30000001192093
  yaw: -127.56041
  pitch: 10.050075
