timestamps:
  login: 1336080633951
  logout: 1336081306520
  lastteleport: 1336081109931
ipAddress: 68.204.59.241
lastlocation:
  world: world
  x: 3815.3495307851304
  y: 124.5
  z: 342.6957044699774
  yaw: -203.72778
  pitch: 33.770847
