timestamps:
  login: 1335025538790
  lastteleport: 1335025841769
  logout: 1335025983794
ipAddress: 81.236.240.172
lastlocation:
  world: world
  x: 3055.59909295766
  y: 62.0
  z: 1475.3102707382002
  yaw: -182.46451
  pitch: 12.600009
