timestamps:
  login: 1338323230527
  lastteleport: 1338178353779
  logout: 1338323232140
ipAddress: 69.140.223.238
lastlocation:
  world: world
  x: -98.72998141198482
  y: 77.0
  z: 412.94674428458103
  yaw: -233.49835
  pitch: 12.150001
ban:
  reason: greifing 10 hours
