timestamps:
  login: 1340474616985
  logout: 1340475133915
ipAddress: 75.142.27.186
lastlocation:
  world: world
  x: -121.16841252226553
  y: 74.0
  z: 503.40676438456717
  yaw: 229.34924
  pitch: 13.950019
