timestamps:
  login: 1336323062724
  lastteleport: 1336323379173
  logout: 1336323556465
ipAddress: 156.34.39.40
lastlocation:
  world: world
  x: 3497.4160872700477
  y: 105.0
  z: 1828.1918386564093
  yaw: -87.22742
  pitch: 9.136541
