timestamps:
  login: 1338574966627
  lastteleport: 1338575342022
  logout: 1338575711858
ipAddress: 203.91.86.89
lastlocation:
  world: world
  x: -42.060590216597035
  y: 18.449360839871854
  z: 334.3468177472355
  yaw: -147.98514
  pitch: 5.486136
