timestamps:
  login: 1334403778312
  lastteleport: 1334403796563
  logout: 1334403916151
ipAddress: 121.223.96.222
lastlocation:
  world: world
  x: 403.2771441243632
  y: 68.0
  z: 191.99084164330296
  yaw: -167.87244
  pitch: 8.699734
