timestamps:
  login: 1336610357297
  logout: 1336611108992
  lastteleport: 1336610912500
ipAddress: 108.172.74.222
lastlocation:
  world: world
  x: 3891.508474926667
  y: 64.0
  z: 370.32513056988256
  yaw: 136.59544
  pitch: 20.100214
homes:
  home:
    world: world
    x: 3498.248520282461
    y: 105.0
    z: 1816.5795074485522
    yaw: -359.77814
    pitch: 20.686544
