timestamps:
  login: 1336526423546
  lastteleport: 1336527302740
  logout: 1336527428182
ipAddress: 121.218.193.68
lastlocation:
  world: world
  x: 3858.4814356627176
  y: 71.0
  z: 320.50806474886116
  yaw: 187.74544
  pitch: 4.2002215
