timestamps:
  login: 1337206862611
  lastteleport: 1337207929917
  logout: 1337208109467
ipAddress: 92.33.177.238
lastlocation:
  world: world
  x: 683.6999999880791
  y: 90.0
  z: 1557.699999988079
  yaw: 284.12537
  pitch: 39.28183
