timestamps:
  login: 1336601033897
  lastteleport: 1336267752834
  logout: 1336601058685
ipAddress: 24.111.24.176
lastlocation:
  world: world
  x: 721.7064216425443
  y: 43.0
  z: -2160.203422085028
  yaw: 17.423628
  pitch: -46.799995
