timestamps:
  login: 1333996525957
  lastteleport: 1333996604459
  logout: 1333996657003
ipAddress: 71.179.236.60
lastlocation:
  world: world
  x: 382.64897907738845
  y: 62.0
  z: 137.79667278286436
  yaw: 68.59003
  pitch: 7.165374
