timestamps:
  login: 1341042101164
  logout: 1341042205176
  lastteleport: 1341041956818
ipAddress: 66.68.196.240
lastlocation:
  world: world
  x: -1396.022388810136
  y: 67.0
  z: -1170.9365644090685
  yaw: -17.51561
  pitch: 4.3147936
