timestamps:
  login: 1340687774293
  logout: 1340687974605
ipAddress: 58.170.122.75
lastlocation:
  world: world_nether
  x: 273.22819207664514
  y: 78.0
  z: 136.30000001192093
  yaw: -190.5151
  pitch: -90.0
