timestamps:
  login: 1334442246868
  lastteleport: 1334432615521
  logout: 1334442293597
  mute: 0
ipAddress: 184.152.83.200
lastlocation:
  world: world
  x: 1528.4172307217611
  y: 57.0
  z: 262.67284721778725
  yaw: 283.62173
  pitch: -84.14999
money: 30.0
muted: true
