timestamps:
  login: 1338615172123
  logout: 1338615277521
  lastteleport: 1338549999095
ipAddress: 98.144.54.216
lastlocation:
  world: world
  x: -50.00008449170869
  y: 80.0
  z: 428.09680454699725
  yaw: 280.49957
  pitch: 13.349997
homes:
  home:
    world: world
    x: 2721.5705456177434
    y: 63.0
    z: 1406.6945398074133
    yaw: 352.1148
    pitch: 25.049995
nickname: ยง2Walnut
