timestamps:
  login: 1338600414228
  logout: 1338600420852
  lastteleport: 1337505435033
ipAddress: 142.177.153.103
lastlocation:
  world: world
  x: -46.61615753720586
  y: 80.0
  z: 429.6352952505963
  yaw: 93.95734
  pitch: 25.064596
