timestamps:
  login: 1338383150517
  lastteleport: 1338382832314
  logout: 1338383161638
ipAddress: 67.172.106.5
lastlocation:
  world: world
  x: 3150.968661471962
  y: 63.0
  z: -219.84972440769673
  yaw: 308.37393
  pitch: 18.600016
homes:
  home:
    world: world
    x: 3151.551994342849
    y: 63.0
    z: -226.60703344349622
    yaw: -273.77502
    pitch: 40.94987
money: 63277.0
nickname: §2War§0lord
