timestamps:
  login: 1336501222945
  lastteleport: 1336501078449
  logout: 1336501310935
ipAddress: 2.221.220.225
lastlocation:
  world: world
  x: 3915.9731076897097
  y: 88.0
  z: 255.70877168186826
  yaw: -98.154015
  pitch: 4.5002093
