timestamps:
  login: 1334074359797
  lastteleport: 1334074398701
  logout: 1334074971183
ipAddress: 109.78.246.133
lastlocation:
  world: world
  x: 403.4615910788882
  y: 68.0
  z: 167.4088550146904
  yaw: -177.92223
  pitch: 23.54972
