timestamps:
  login: 1335052354165
  lastteleport: 1335052896077
  logout: 1335053428897
ipAddress: 71.58.12.165
lastlocation:
  world: world
  x: 3593.300000011921
  y: 73.0
  z: 1867.300000011921
  yaw: -258.82837
  pitch: 37.799995
money: 298.0
