timestamps:
  login: 1339267322957
  logout: 1339267377930
ipAddress: 208.65.20.51
lastlocation:
  world: world
  x: -13.184949584301494
  y: 74.0
  z: 396.87738218214287
  yaw: 203.10063
  pitch: -1.9499834
