timestamps:
  login: 1335909601564
  lastteleport: 1335909726253
  logout: 1335909775993
ipAddress: 99.116.77.57
lastlocation:
  world: world
  x: 3859.6924121050097
  y: 77.0
  z: 319.57699645747255
  yaw: -197.9649
  pitch: 5.307518
