timestamps:
  login: 1334510229030
  lastteleport: 1334510358311
  logout: 1334511100492
ipAddress: 86.150.32.19
lastlocation:
  world: world
  x: 1501.6483739639705
  y: 70.0
  z: 177.36618469580463
  yaw: -70.84303
  pitch: 6.064336
