timestamps:
  login: 1340575842810
  logout: 1340576115194
ipAddress: 63.248.49.11
lastlocation:
  world: world
  x: -173.02320051819282
  y: 74.0
  z: 555.0340171835112
  yaw: 43.499268
  pitch: -4.5001006
