timestamps:
  login: 1336803629669
  lastteleport: 1336172176736
  logout: 1336803737342
ipAddress: 70.120.93.198
lastlocation:
  world: world
  x: 4635.914411033137
  y: 61.0
  z: -64.17694088789648
  yaw: -25.852661
  pitch: 14.850132
