timestamps:
  login: 1334002882225
  lastteleport: 1334002948106
  logout: 1334002984306
ipAddress: 75.67.38.218
lastlocation:
  world: world
  x: 402.0259033149832
  y: 68.0
  z: 192.24403017479216
  yaw: 143.81255
  pitch: 39.300003
