timestamps:
  login: 1336216952529
  lastteleport: 1336217041279
  logout: 1336217374724
ipAddress: 68.191.44.99
lastlocation:
  world: world
  x: 733.8134437469449
  y: 64.0
  z: -1885.9558003561442
  yaw: 110.874405
  pitch: 9.749992
