timestamps:
  login: 1334015451502
  lastteleport: 1334015499852
  logout: 1334015535385
ipAddress: 124.185.233.175
lastlocation:
  world: world
  x: 449.0338097309661
  y: 63.0
  z: 207.89126680435479
  yaw: 161.37743
  pitch: 7.9497647
money: 70.0
