timestamps:
  login: 1335907668959
  logout: 1335907670900
  lastteleport: 1335906981913
ipAddress: 71.179.234.4
lastlocation:
  world: world
  x: 739.9354108213682
  y: 73.0
  z: -1990.0300902501456
  yaw: 191.724
  pitch: 3.4500046
