timestamps:
  login: 1340481650840
  logout: 1340481714870
ipAddress: 68.194.7.166
lastlocation:
  world: world
  x: -59.332712070395544
  y: 74.0
  z: 411.2729270259257
  yaw: 108.600075
  pitch: -32.55
