timestamps:
  login: 1333978630245
  lastteleport: 1333978890046
  logout: 1333978923232
ipAddress: 84.193.157.14
lastlocation:
  world: world
  x: 409.2367426072116
  y: 65.5
  z: 965.6999999880791
  yaw: 87.12924
  pitch: -10.199992
