timestamps:
  login: 1338248268237
  logout: 1338248341752
ipAddress: 70.113.205.184
lastlocation:
  world: world
  x: -19.555673730349422
  y: 77.0
  z: 399.20153415139634
  yaw: -143.64862
  pitch: 8.500254
