timestamps:
  login: 1335988702910
  lastteleport: 1335989530172
  logout: 1335989594630
ipAddress: 78.72.125.88
lastlocation:
  world: world
  x: 3890.908431632215
  y: 64.0
  z: 370.4374114442564
  yaw: 144.13387
  pitch: 16.452581
