timestamps:
  login: 1334091647529
  lastteleport: 1334091938483
  logout: 1334092195364
ipAddress: 98.244.167.64
lastlocation:
  world: world
  x: 198.30000001192093
  y: 68.0
  z: 887.7160960717612
  yaw: 82.17981
  pitch: 19.350006
money: 70.0
