timestamps:
  login: 1338275136517
  logout: 1338275187116
  lastteleport: 1336980541340
ipAddress: 75.109.183.149
lastlocation:
  world: world
  x: -146.91744685461097
  y: 23.0
  z: 351.1689057543774
  yaw: -208.35019
  pitch: -23.70004
