timestamps:
  login: 1334189090366
  lastteleport: 1334189258421
  logout: 1334189330822
ipAddress: 184.244.213.71
lastlocation:
  world: world
  x: 226.5
  y: 66.0
  z: 738.5
  yaw: 176.97974
  pitch: 84.00003
