timestamps:
  login: 1333936650551
  lastteleport: 1333936662703
  logout: 1333936763339
ipAddress: 174.20.248.134
lastlocation:
  world: world
  x: 375.55689895375355
  y: 78.0
  z: 981.4926327996684
  yaw: 5.2676535
  pitch: 61.207874
