timestamps:
  login: 1334538481801
  lastteleport: 1334538820392
  logout: 1334539786566
ipAddress: 108.54.152.4
lastlocation:
  world: world
  x: 1478.539046256686
  y: 108.0
  z: 222.63525837338616
  yaw: 154.60054
  pitch: 76.48312
