timestamps:
  login: 1336429603963
  logout: 1336429890875
  lastteleport: 1336429801582
ipAddress: 108.200.182.174
lastlocation:
  world: world
  x: 3939.5417349236486
  y: 87.0
  z: 280.02651664622465
  yaw: 181.19685
  pitch: 37.84275
