timestamps:
  login: 1340679179195
  logout: 1340679254605
ipAddress: 50.41.144.91
lastlocation:
  world: world
  x: -78.57458115228293
  y: 74.0
  z: 393.98538278684396
  yaw: -53.250244
  pitch: -0.59997946
