timestamps:
  login: 1340996781163
  lastteleport: 1340996848879
  logout: 1340996880781
ipAddress: 98.204.205.9
lastlocation:
  world: world
  x: 2874.6040974386865
  y: 68.0
  z: 2944.6570609785235
  yaw: -212.36914
  pitch: 4.800025
