timestamps:
  login: 1340780054696
  logout: 1340780182973
ipAddress: 24.196.124.182
lastlocation:
  world: world
  x: 137.44315162564365
  y: 66.0
  z: 219.0359114129923
  yaw: 271.8002
  pitch: 12.450037
