timestamps:
  login: 1334455499401
  lastteleport: 1334455803356
  logout: 1334455914528
ipAddress: 166.249.101.70
lastlocation:
  world: world
  x: 1499.8678062803929
  y: 70.0
  z: 179.09819620738304
  yaw: -91.059814
  pitch: 5.2514353
