timestamps:
  login: 1334096631020
  lastteleport: 1333927349159
  logout: 1334096666079
ipAddress: 65.50.86.172
lastlocation:
  world: world
  x: 375.5222261228319
  y: 65.0
  z: 932.2200801192046
  yaw: 171.42859
  pitch: 25.34998
