timestamps:
  login: 1340623948271
  logout: 1340624035741
ipAddress: 68.115.33.225
lastlocation:
  world: world
  x: -34.74871388502392
  y: 74.0
  z: 435.8018558502103
  yaw: -185.44196
  pitch: 9.51939
