timestamps:
  login: 1340474022470
  lastteleport: 1340474181065
  logout: 1340474194093
ipAddress: 81.158.11.238
lastlocation:
  world: world
  x: -49.57464700975395
  y: 76.0
  z: 426.43934970178987
  yaw: 48.283016
  pitch: 35.402218
