timestamps:
  login: 1336236300207
  lastteleport: 1336236350036
  logout: 1336237010344
ipAddress: 66.233.65.216
lastlocation:
  world: world
  x: 3860.0848553723554
  y: 71.0
  z: 320.3663231539131
  yaw: 192.54527
  pitch: 5.1002073
