timestamps:
  login: 1336161254260
  lastteleport: 1336161270200
  logout: 1336161272143
ipAddress: 64.228.82.194
lastlocation:
  world: world
  x: 3137.1160027636656
  y: 64.0
  z: 534.3401739844081
  yaw: 171.8656
  pitch: -11.249981
money: 294.0
