timestamps:
  login: 1338573536807
  lastteleport: 1335088766388
  logout: 1338574151858
ipAddress: 144.132.185.50
lastlocation:
  world: world
  x: -38.844543040906274
  y: 77.5
  z: 371.8944675741901
  yaw: 334.67908
  pitch: 9.368115
money: 273.0
