timestamps:
  login: 1336403920538
  logout: 1336407342611
  lastteleport: 1336407212963
  mute: 0
ipAddress: 78.70.38.159
lastlocation:
  world: world
  x: 3891.508474926667
  y: 64.0
  z: 370.32513056988256
  yaw: 136.59544
  pitch: 20.100214
money: 0.0
muted: false
