timestamps:
  login: 1336064218920
  lastteleport: 1335447970539
  logout: 1336064239612
ipAddress: 85.230.12.254
lastlocation:
  world: world
  x: 745.0073730318823
  y: 73.0
  z: -1989.1560540115702
  yaw: -244.1055
  pitch: 23.17508
homes:
  home:
    world: world
    x: 222.33778830335112
    y: 64.0
    z: 59.30000001192092
    yaw: -162.2073
    pitch: 47.8137
money: 286.0
