timestamps:
  login: 1334376360142
  logout: 1334376568505
  lastteleport: 1334376444663
ipAddress: 98.111.128.114
lastlocation:
  world: world
  x: 401.07499998807907
  y: 64.0
  z: 158.69999998807907
  yaw: -13.974415
  pitch: 44.849678
