timestamps:
  login: 1334001252564
  lastteleport: 1334001335950
  logout: 1334001392930
ipAddress: 67.190.220.25
lastlocation:
  world: world
  x: 402.23514104541385
  y: 68.0
  z: 196.23444835772116
  yaw: -111.32243
  pitch: 24.299719
