timestamps:
  login: 1337571926032
  lastteleport: 1337571933349
  logout: 1337571936146
ipAddress: 76.220.213.8
lastlocation:
  world: world
  x: -37.02858849172466
  y: 74.0
  z: 436.8870134009231
  yaw: -129.85269
  pitch: 33.10946
