timestamps:
  login: 1338094003805
  logout: 1338094067004
ipAddress: 2.248.123.219
lastlocation:
  world: world
  x: 44.17365177140634
  y: 19.054854144938577
  z: 331.22367193921866
  yaw: 39.692696
  pitch: 10.147214
money: 299.0
