timestamps:
  login: 1336160998421
  lastteleport: 1335890159013
  logout: 1336161007145
ipAddress: 195.204.4.187
lastlocation:
  world: world
  x: 3891.351096572728
  y: 64.0
  z: 368.8804945268293
  yaw: 92.771225
  pitch: 12.921389
homes:
  home:
    world: world
    x: 3811.2650161818588
    y: 74.0
    z: 555.0547054602464
    yaw: 236.93234
    pitch: 2.7689784
