timestamps:
  login: 1336317492705
  lastteleport: 1336318031522
  logout: 1336318046455
ipAddress: 99.99.122.81
lastlocation:
  world: world
  x: 3881.9307982269593
  y: 64.0
  z: 359.4762283840966
  yaw: -212.45381
  pitch: 2.8451567
