timestamps:
  login: 1340678592242
  logout: 1340678679853
ipAddress: 124.122.26.239
lastlocation:
  world: world
  x: 109.01709742602922
  y: 62.054073740722586
  z: 575.7511723609954
  yaw: -20.399817
  pitch: 24.450008
