timestamps:
  login: 1334189110324
  logout: 1334189695872
  lastteleport: 1334189319579
ipAddress: 75.22.77.214
lastlocation:
  world: world
  x: 410.8449269285078
  y: 65.0
  z: 986.542872107793
  yaw: 119.65044
  pitch: 3.7490356
money: 200.0
