timestamps:
  login: 1335387202437
  lastteleport: 1335302292311
  logout: 1335387210208
ipAddress: 71.77.3.188
lastlocation:
  world: world
  x: 762.7303081658872
  y: 67.0
  z: -2016.267054608061
  yaw: 72.341156
  pitch: 2.950422
