timestamps:
  login: 1340060119921
  logout: 1340060232025
ipAddress: 68.44.3.174
lastlocation:
  world: world
  x: -69.41523595172472
  y: 74.0
  z: 437.40581499161095
  yaw: -64.20059
  pitch: 7.649988
