timestamps:
  login: 1338576951154
  lastteleport: 1334394569235
  logout: 1338576996808
ipAddress: 88.90.133.110
lastlocation:
  world: world
  x: -35.77370330145015
  y: 77.0
  z: 422.8633985230946
  yaw: -350.55005
  pitch: -38.550007
