timestamps:
  login: 1336332104383
  lastteleport: 1336332274376
  logout: 1336332283364
ipAddress: 24.62.198.179
lastlocation:
  world: world
  x: 2501.201532259707
  y: 11.0
  z: 2252.689795821241
  yaw: -200.63943
  pitch: 24.599983
homes:
  home:
    world: world
    x: 2501.9573349544135
    y: 11.0
    z: 2253.095336009325
    yaw: -243.38947
    pitch: 32.099983
