timestamps:
  login: 1335127432823
  logout: 1335127802304
  lastteleport: 1335127738123
ipAddress: 96.51.77.81
lastlocation:
  world: world
  x: 3389.3642402325545
  y: 65.0
  z: 1815.9611966543816
  yaw: -91.48773
  pitch: 22.076513
money: 299.0
