timestamps:
  login: 1335555372059
  lastteleport: 1335555214489
  logout: 1335555404074
  mute: 1335655419041
ipAddress: 97.121.13.117
lastlocation:
  world: world
  x: 3890.457922819246
  y: 64.0
  z: 369.72496897250295
  yaw: 136.59544
  pitch: 20.100214
muted: true
ban:
  reason: 'Stop Spamming: Appeal at champcraft.net'
