timestamps:
  login: 1338380585469
  logout: 1338380631737
  lastteleport: 1338380059168
ipAddress: 71.208.231.50
lastlocation:
  world: world
  x: 85.59893313020544
  y: 68.0
  z: 231.79458664462024
  yaw: 293.47263
  pitch: 19.434261
ban:
  reason: griefing
