timestamps:
  login: 1340686628883
  lastteleport: 1340688566228
  logout: 1340689109606
ipAddress: 24.4.60.50
lastlocation:
  world: world
  x: 106.69999998807907
  y: 60.0
  z: 676.7392924717391
  yaw: 85.50012
  pitch: -31.650007
