timestamps:
  login: 1335727220321
  lastteleport: 1335727190372
  logout: 1335727254618
ipAddress: 90.206.243.210
lastlocation:
  world: world
  x: 3863.881908091046
  y: 87.0
  z: 282.0631553012623
  yaw: 144.2873
  pitch: 25.543108
