timestamps:
  login: 1334065697743
  lastteleport: 1334066024246
  logout: 1334066044679
ipAddress: 84.87.91.143
lastlocation:
  world: world
  x: 62.30000001192093
  y: 71.0
  z: 650.3000000119209
  yaw: -78.31955
  pitch: -76.95
money: 100.0
