timestamps:
  login: 1333929534429
  lastteleport: 1333929650343
  logout: 1333929717823
ipAddress: 76.200.238.41
lastlocation:
  world: world
  x: 429.7192877355266
  y: 65.0
  z: 979.1715785092589
  yaw: -178.22108
  pitch: 29.442055
