timestamps:
  login: 1336198718611
  lastteleport: 1336199096208
  logout: 1336199476351
ipAddress: 81.157.113.158
lastlocation:
  world: world_the_end
  x: -16.319264850703743
  y: 61.0
  z: 26.00827010625675
  yaw: 152.57077
  pitch: 14.039261
