timestamps:
  login: 1339865061941
  lastteleport: 1339525414673
  logout: 1339525422352
ipAddress: 94.209.42.51
lastlocation:
  world: world
  x: -45.617846141721905
  y: 77.0
  z: 426.9442868388173
  yaw: 157.412
  pitch: 23.274727
