timestamps:
  login: 1338457219562
  lastteleport: 1338458863205
  logout: 1338458934778
ipAddress: 173.30.215.58
lastlocation:
  world: world
  x: -417.69999998807907
  y: 64.0
  z: 333.3810461507142
  yaw: -142.34604
  pitch: 28.026165
money: 298.0
homes:
  home:
    world: world
    x: -417.08763352339
    y: 64.0
    z: 331.48308327217825
    yaw: -86.77118
    pitch: 20.67896
