timestamps:
  login: 1335287368409
  lastteleport: 1335288051588
  logout: 1335288719630
ipAddress: 60.242.255.10
lastlocation:
  world: world
  x: 3767.2930590442807
  y: 62.0
  z: 1749.6244579702013
  yaw: 200.02194
  pitch: 15.600129
money: 354.0
