timestamps:
  login: 1334379050504
  lastteleport: 1334379061240
  logout: 1334379065594
ipAddress: 70.77.181.232
lastlocation:
  world: world
  x: 405.2029032601669
  y: 68.0
  z: 172.83673204737778
  yaw: -180.23817
  pitch: 9.556984
