timestamps:
  login: 1341105406040
  lastteleport: 1340485067633
  logout: 1341105471992
ipAddress: 24.170.245.40
lastlocation:
  world: world
  x: -19.216946694404406
  y: 74.0
  z: 403.24057904003877
  yaw: 200.9997
  pitch: 25.800001
