timestamps:
  login: 1335894773861
  lastteleport: 1335895418518
  logout: 1335895878493
ipAddress: 81.186.252.122
lastlocation:
  world: world
  x: 3987.526884858362
  y: 51.0
  z: 485.32572950492704
  yaw: -43.25464
  pitch: -12.7497835
