timestamps:
  login: 1336345191791
  lastteleport: 1336345783892
  logout: 1336346349927
ipAddress: 74.69.7.30
lastlocation:
  world: world
  x: 3876.161165252886
  y: 64.0
  z: 349.7180596843436
  yaw: 151.59515
  pitch: 13.800227
