timestamps:
  login: 1337920576835
  lastteleport: 1337920634938
  logout: 1337920642810
ipAddress: 66.188.41.206
lastlocation:
  world: world
  x: -126.4284306256383
  y: 77.0
  z: 351.8801361578492
  yaw: 185.0019
  pitch: 11.999987
