timestamps:
  login: 1336053621058
  lastteleport: 1336053669420
  logout: 1336053854614
ipAddress: 86.81.13.172
lastlocation:
  world: world
  x: 3882.56501697551
  y: 64.0
  z: 360.11186519895637
  yaw: 135.39545
  pitch: 21.300215
