timestamps:
  login: 1340499737734
  logout: 1340499885918
  lastteleport: 1340499474116
ipAddress: 96.233.106.183
lastlocation:
  world: world
  x: -1334.4827539962184
  y: 63.0
  z: -1165.0694740188517
  yaw: -44.926952
  pitch: -4.466827
