timestamps:
  login: 1333991651210
  lastteleport: 1333991777199
  logout: 1333992523309
ipAddress: 24.44.206.195
lastlocation:
  world: world
  x: 402.4977093266219
  y: 67.0
  z: 116.43465106763647
  yaw: 341.82617
  pitch: 10.7999735
