timestamps:
  login: 1334496750113
  lastteleport: 1334497009336
  logout: 1334497105044
ipAddress: 78.22.58.195
lastlocation:
  world: world
  x: 2518.94770775004
  y: 49.02462825541295
  z: -520.0886764370505
  yaw: -208.4954
  pitch: 35.74201
