timestamps:
  login: 1340054952009
  logout: 1340055038259
ipAddress: 69.130.11.253
lastlocation:
  world: world
  x: 70.37867649543531
  y: 1.0
  z: 538.2155148174602
  yaw: -79.94711
  pitch: 25.786716
