timestamps:
  login: 1336258250659
  logout: 1336258983302
  lastteleport: 1336258739179
ipAddress: 108.172.129.35
lastlocation:
  world: world
  x: 3857.489314099054
  y: 64.0
  z: 351.4870950368803
  yaw: 15.245209
  pitch: 1.5001955
