timestamps:
  login: 1335266248583
  lastteleport: 1335266801149
  logout: 1335266837343
ipAddress: 114.76.229.139
lastlocation:
  world: world
  x: 733.3000000119209
  y: 73.0
  z: -1990.433617182358
  yaw: 268.6738
  pitch: 12.1500025
homes:
  home:
    world: world
    x: 3791.7774335079303
    y: 65.0
    z: -2785.361380817012
    yaw: -278.39978
    pitch: 3.1500072
money: 287.0
