timestamps:
  login: 1340588819980
  lastteleport: 1340588903123
  logout: 1340589147585
ipAddress: 70.231.234.138
lastlocation:
  world: world
  x: -339.54987660474603
  y: 73.0
  z: 812.882224578554
  yaw: -25.649948
  pitch: 12.450041
