timestamps:
  login: 1334618630387
  lastteleport: 1334520103715
  logout: 1334618632189
ipAddress: 207.161.35.190
lastlocation:
  world: world
  x: 1488.6596714592265
  y: 70.0
  z: 193.23530187287543
  yaw: 70.21694
  pitch: 24.257208
money: 0.0
