timestamps:
  login: 1338358295138
  lastteleport: 1337392468162
  logout: 1338358347576
ipAddress: 68.202.244.193
lastlocation:
  world: world
  x: 3161.4404526642306
  y: 63.0
  z: -221.90998307277783
  yaw: -265.82642
  pitch: 33.450016
money: 20936.0
homes:
  home:
    world: world
    x: 3151.515261622378
    y: 63.0
    z: -225.95933078007155
    yaw: 1.3234875
    pitch: 49.65
nickname: ยง5Drift2011
