timestamps:
  login: 1338276375665
  lastteleport: 1337756016440
  logout: 1338276385935
ipAddress: 174.7.187.139
lastlocation:
  world: world
  x: -32.917751581461786
  y: 82.0
  z: 423.6483136279807
  yaw: -220.99643
  pitch: 45.1502
