timestamps:
  login: 1333979470197
  lastteleport: 1333979671196
  logout: 1333979798232
ipAddress: 68.238.208.172
lastlocation:
  world: world
  x: 375.39379963364536
  y: 89.0
  z: 981.0186628589746
  yaw: -175.67104
  pitch: 31.349976
