timestamps:
  login: 1334430984266
  lastteleport: 1334431325993
  logout: 1334432768564
  mute: 0
ipAddress: 24.168.50.171
lastlocation:
  world: world
  x: 1448.7081545539818
  y: 67.0
  z: 96.28783139142311
  yaw: -22.42683
  pitch: 18.796202
money: 30.0
muted: false
