timestamps:
  login: 1340406372493
  logout: 1340406373262
ipAddress: 216.16.37.58
lastlocation:
  world: world
  x: -45.82416655185787
  y: 77.0
  z: 426.92693078391363
  yaw: -298.1354
  pitch: 11.312031
