timestamps:
  login: 1334003449202
  lastteleport: 1334003369736
  logout: 1334003452813
ipAddress: 79.191.62.71
lastlocation:
  world: world
  x: 407.07396780353514
  y: 67.0
  z: 103.53211690512735
  yaw: 5.74057
  pitch: 15.429935
money: 0.0
