timestamps:
  login: 1335407031633
  lastteleport: 1335324976184
  logout: 1335407331201
ipAddress: 98.154.151.47
lastlocation:
  world: world
  x: 750.1988155221736
  y: 73.0
  z: -1990.6662889341783
  yaw: 269.87375
  pitch: 12.1500025
