timestamps:
  login: 1333927822436
  lastteleport: 1333927834012
  logout: 1333928012514
ipAddress: 173.51.40.19
lastlocation:
  world: world
  x: 378.5803269391188
  y: 82.0
  z: 986.6629529313184
  yaw: -258.01392
  pitch: 27.385532
