timestamps:
  login: 1335422221273
  lastteleport: 1335422287505
  logout: 1335422542852
ipAddress: 124.182.102.194
lastlocation:
  world: world
  x: 733.3000000119209
  y: 73.0
  z: -1990.433617182358
  yaw: 268.6738
  pitch: 12.300002
