timestamps:
  login: 1339321912006
  logout: 1339321917980
ipAddress: 86.171.120.77
lastlocation:
  world: world
  x: 8.981470055879232
  y: 74.5
  z: 422.2161311082075
  yaw: 244.05902
  pitch: 42.83641
