timestamps:
  login: 1335906607297
  lastteleport: 1335906639013
  logout: 1335906725282
ipAddress: 99.103.20.104
lastlocation:
  world: world
  x: 3860.2491573826524
  y: 71.0
  z: 321.6556804754563
  yaw: 183.84589
  pitch: 3.168836
