timestamps:
  login: 1333938170566
  lastteleport: 1333938239365
  logout: 1333938393405
ipAddress: 98.155.30.22
lastlocation:
  world: world
  x: 387.69999998807907
  y: 76.5
  z: 994.9564581802761
  yaw: -68.721375
  pitch: 15.899986
