timestamps:
  login: 1340780104528
  logout: 1340780240143
ipAddress: 66.190.34.101
lastlocation:
  world: world
  x: 110.59513626106238
  y: 42.0
  z: 194.41005143371393
  yaw: -5.6640306
  pitch: 90.0
