timestamps:
  login: 1338067040323
  lastteleport: 1338066935526
  logout: 1338067041606
ipAddress: 71.183.249.135
lastlocation:
  world: world
  x: 2662.8446890375253
  y: 140.0
  z: 1201.854699317523
  yaw: 181.91107
  pitch: 53.699997
