timestamps:
  login: 1334489517640
  lastteleport: 1334489563091
  logout: 1334489720922
ipAddress: 90.199.237.206
lastlocation:
  world: world
  x: 1502.477869935231
  y: 70.0
  z: 177.92192983556637
  yaw: 63.572014
  pitch: -7.806568
