timestamps:
  login: 1333999967402
  lastteleport: 1334000274486
  logout: 1334000539279
ipAddress: 69.123.98.233
lastlocation:
  world: world
  x: 350.6075458444511
  y: 72.0
  z: 301.3166896823265
  yaw: -342.79797
  pitch: -81.43612
money: 50.0
