timestamps:
  login: 1337324873397
  lastteleport: 1337325001570
  logout: 1337325008737
ipAddress: 96.27.163.177
lastlocation:
  world: world
  x: 3010.4817927277904
  y: 10.0
  z: 2597.4182462024805
  yaw: -81.693756
  pitch: 3.2835984
