timestamps:
  login: 1336235917677
  lastteleport: 1335200466041
  logout: 1336236035344
ipAddress: 92.32.243.169
lastlocation:
  world: world
  x: 793.4220456153992
  y: 67.0
  z: -1997.6208687192814
  yaw: 262.07385
  pitch: 26.25
