timestamps:
  login: 1340585549765
  lastteleport: 1340585264254
  logout: 1340585707634
ipAddress: 99.238.172.146
lastlocation:
  world: world
  x: 2288.867679383505
  y: 51.00584977958267
  z: 1200.6536973884806
  yaw: -115.21322
  pitch: 60.300014
