timestamps:
  login: 1335643259849
  lastteleport: 1335642976158
  logout: 1335643384627
ipAddress: 98.200.65.224
lastlocation:
  world: world
  x: 1938.4937377000413
  y: 96.0
  z: -1125.395335580411
  yaw: 243.75069
  pitch: 66.00001
