timestamps:
  login: 1335570046232
  lastteleport: 1335570812608
  logout: 1335571539544
ipAddress: 70.49.0.205
lastlocation:
  world: world
  x: 2231.863157138631
  y: 71.0
  z: 1462.7198632610698
  yaw: 211.9411
  pitch: 15.958108
