timestamps:
  login: 1334464555722
  lastteleport: 1334464599825
  logout: 1334464620011
ipAddress: 174.20.139.118
lastlocation:
  world: world
  x: 1488.6122404723862
  y: 70.0
  z: 168.8252250485759
  yaw: -165.92801
  pitch: -2.4065735
