timestamps:
  login: 1336184732691
  lastteleport: 1336184744733
  logout: 1336186789627
ipAddress: 68.162.242.240
lastlocation:
  world: world
  x: 3891.7197946734773
  y: 64.0
  z: 371.69999998807907
  yaw: 135.09543
  pitch: 5.400214
