timestamps:
  login: 1335606961369
  lastteleport: 1335211317352
  logout: 1335606976836
ipAddress: 92.232.170.138
lastlocation:
  world: world
  x: 771.4333742202913
  y: 67.0
  z: -1997.1202771993599
  yaw: 262.2854
  pitch: 22.282995
money: 299.0
