timestamps:
  login: 1333999539377
  lastteleport: 1333999579678
  logout: 1333999638603
ipAddress: 85.166.22.66
lastlocation:
  world: world
  x: 402.9046464020261
  y: 67.0
  z: 130.24625586217434
  yaw: -193.07245
  pitch: 12.599728
