timestamps:
  login: 1335303448262
  logout: 1335303462599
  lastteleport: 1335303016660
ipAddress: 71.80.46.204
lastlocation:
  world: world
  x: 771.3256875033125
  y: 64.0
  z: -2060.947332757762
  yaw: 2.7155762
  pitch: -9.513612
