timestamps:
  login: 1340249889456
  lastteleport: 1340249791600
  logout: 1340250162390
ipAddress: 99.169.166.82
lastlocation:
  world: world
  x: -1793.5
  y: 70.0
  z: -1341.5
  yaw: 63.210938
  pitch: 11.10006
