timestamps:
  login: 1334082668348
  lastteleport: 1333995983920
  logout: 1334082673400
ipAddress: 188.82.32.134
lastlocation:
  world: world
  x: 294.69999998807907
  y: 83.0
  z: 587.3612945775126
  yaw: -236.83398
  pitch: 33.89556
