timestamps:
  login: 1339962445786
  logout: 1339962762487
ipAddress: 90.207.163.169
lastlocation:
  world: world
  x: -262.36591221204776
  y: 62.166109260938214
  z: 580.2440302699603
  yaw: -191.10083
  pitch: 11.250022
