timestamps:
  login: 1336173927979
  lastteleport: 1336173947399
  logout: 1336174307887
ipAddress: 216.228.217.15
lastlocation:
  world: world
  x: 3879.8791416807235
  y: 64.0
  z: 355.6323104199178
  yaw: -210.95436
  pitch: 45.750187
