timestamps:
  login: 1336059461266
  lastteleport: 1336058240768
  logout: 1336063224612
ipAddress: 86.28.198.37
lastlocation:
  world: world
  x: 3864.707392214566
  y: 64.0
  z: 339.34846235452744
  yaw: 205.44586
  pitch: -3.1500127
