timestamps:
  login: 1335554315641
  lastteleport: 1335555292487
  logout: 1335555915378
ipAddress: 24.189.7.16
lastlocation:
  world: world
  x: 430.82833663191803
  y: 40.0
  z: -1837.300000011921
  yaw: 121.239624
  pitch: 37.495064
