timestamps:
  login: 1341104191039
  lastteleport: 1341106090389
  logout: 1341107388712
ipAddress: 76.17.91.4
lastlocation:
  world: world
  x: 539.3147638381606
  y: 66.0
  z: 726.2148685407669
  yaw: 189.50926
  pitch: -13.207677
