timestamps:
  login: 1334701322671
  logout: 1334701417479
  lastteleport: 1334701374687
ipAddress: 24.137.70.156
lastlocation:
  world: world
  x: 1489.5181500006759
  y: 70.0
  z: 194.79376973700096
  yaw: -178.52896
  pitch: 17.05465
