timestamps:
  login: 1334429573212
  lastteleport: 1334429553414
  logout: 1334429575356
ipAddress: 75.31.106.112
lastlocation:
  world: world
  x: 420.69248795681546
  y: 62.7
  z: 210.15410003545767
  yaw: -206.54617
  pitch: 5.2128077
