timestamps:
  login: 1338317481709
  logout: 1338317732190
  lastteleport: 1338317299355
ipAddress: 121.216.118.161
lastlocation:
  world: world
  x: -46.21160796276557
  y: 79.5
  z: 431.280658962481
  yaw: -2.048222
  pitch: 17.999998
