timestamps:
  login: 1337591360563
  lastteleport: 1337588049205
  logout: 1337591549373
ipAddress: 72.67.100.23
lastlocation:
  world: world
  x: -35.095774645939834
  y: 74.5
  z: 428.2558926484777
  yaw: -104.55005
  pitch: -11.7000475
