timestamps:
  login: 1335907760960
  lastteleport: 1335906922223
  logout: 1335907808547
ipAddress: 2.127.235.221
lastlocation:
  world: world
  x: 3890.7770845552745
  y: 64.0
  z: 368.5720627389594
  yaw: 105.09544
  pitch: 12.0002165
