timestamps:
  login: 1338400182578
  logout: 1338400359814
ipAddress: 124.168.139.127
lastlocation:
  world: world
  x: 33.5
  y: 77.5625
  z: 426.5
  yaw: 271.76343
  pitch: 87.48167
