timestamps:
  login: 1336320259928
  lastteleport: 1336321477371
  logout: 1336321956458
ipAddress: 68.108.179.10
lastlocation:
  world: world
  x: 1227.300000011921
  y: 64.0
  z: 2569.699999988079
  yaw: 250.90321
  pitch: 15.750014
