timestamps:
  login: 1340922738603
  logout: 1340922790470
ipAddress: 173.35.129.213
lastlocation:
  world: world
  x: -99.59301474489743
  y: 74.0
  z: 480.1026948666966
  yaw: 40.049957
  pitch: 15.000003
