timestamps:
  login: 1336315445914
  lastteleport: 1336315496723
  logout: 1336316136455
ipAddress: 69.151.56.28
lastlocation:
  world: world
  x: 3859.3308099298765
  y: 71.0
  z: 320.67571472609086
  yaw: 221.04541
  pitch: 8.550207
