timestamps:
  login: 1334002555694
  lastteleport: 1333999060716
  logout: 1334002559419
ipAddress: 31.53.91.227
lastlocation:
  world: world
  x: 402.34854000455647
  y: 68.0
  z: 165.53410403317375
  yaw: -181.07242
  pitch: 21.449728
