timestamps:
  login: 1336218453130
  lastteleport: 1336177329303
  logout: 1336218489774
ipAddress: 75.137.146.92
lastlocation:
  world: world
  x: 2780.3455190548634
  y: 63.0
  z: 1391.2724740386104
  yaw: -50.48282
  pitch: -0.45000952
money: 534.0
