timestamps:
  login: 1340491143525
  logout: 1340491154869
ipAddress: 67.164.31.236
lastlocation:
  world: world
  x: -57.19999998807907
  y: 76.5
  z: 426.74698066304563
  yaw: 67.500015
  pitch: -10.649994
