timestamps:
  login: 1334378783906
  lastteleport: 1334378826463
  logout: 1334378830644
ipAddress: 99.64.55.238
lastlocation:
  world: world
  x: 402.72300339749427
  y: 64.0
  z: 156.8187885361023
  yaw: -116.872314
  pitch: 15.14973
