timestamps:
  login: 1340575535610
  logout: 1340575630195
ipAddress: 97.113.144.22
lastlocation:
  world: world
  x: -211.74928265324354
  y: 63.0
  z: 613.0717957128335
  yaw: 32.1
  pitch: 17.400003
