timestamps:
  login: 1334610298837
  lastteleport: 1334610442468
  logout: 1334610568327
ipAddress: 74.57.103.64
lastlocation:
  world: world
  x: 1494.699999988079
  y: 70.0
  z: 165.92724367872586
  yaw: 314.67206
  pitch: 15.143421
