timestamps:
  login: 1333985542340
  lastteleport: 1333927075430
  logout: 1333986063220
ipAddress: 76.219.80.41
lastlocation:
  world: world
  x: 374.1201188073465
  y: 65.0
  z: 936.30559912065
  yaw: 219.27966
  pitch: 17.69985
