timestamps:
  login: 1334108299719
  lastteleport: 1334067014507
  logout: 1334108454836
ipAddress: 203.217.88.182
lastlocation:
  world: world
  x: 403.4250341820438
  y: 68.0
  z: 189.664073349069
  yaw: -178.22247
  pitch: 13.499733
