timestamps:
  login: 1338115707951
  logout: 1338115752656
  lastteleport: 1335413276014
ipAddress: 67.49.165.122
lastlocation:
  world: world
  x: -47.489878171590036
  y: 79.53584062504456
  z: 431.8082131169705
  yaw: -192.9981
  pitch: 11.200254
