timestamps:
  login: 1336524626440
  lastteleport: 1336525225594
  logout: 1336525238132
ipAddress: 71.167.65.39
lastlocation:
  world: world
  x: 1461.0734435577565
  y: 69.0
  z: 2638.763249813382
  yaw: 310.46057
  pitch: 14.039997
ban:
  reason: Temporarily banned from server for  3 days
  timeout: 1336784442493
