timestamps:
  login: 1336142745183
  logout: 1336142969600
  lastteleport: 1336142893209
ipAddress: 92.32.56.31
lastlocation:
  world: world
  x: 3891.508474926667
  y: 64.0
  z: 370.32513056988256
  yaw: 136.59544
  pitch: 20.100214
