timestamps:
  login: 1338656737121
  logout: 1338656954192
  lastteleport: 1338656878107
ipAddress: 80.212.62.68
lastlocation:
  world: world
  x: -62.61269948734143
  y: 77.0
  z: 440.71606974605186
  yaw: 29.700226
  pitch: 1.3500338
