timestamps:
  login: 1340780082522
  lastteleport: 1340780373927
  logout: 1340780416771
ipAddress: 98.225.126.49
lastlocation:
  world: world
  x: -44.838287045637614
  y: 77.0
  z: 427.60484613564256
  yaw: -7.800018
  pitch: 17.70001
