timestamps:
  login: 1338292309968
  lastteleport: 1338267274721
  logout: 1338295438810
ipAddress: 75.137.146.78
lastlocation:
  world: world
  x: -336.5835021520298
  y: 63.0
  z: 2083.6135844784963
  yaw: 247.04883
  pitch: 39.450005
