timestamps:
  login: 1334065333033
  lastteleport: 1334065493845
  logout: 1334065589629
ipAddress: 91.181.157.229
lastlocation:
  world: world
  x: 208.68670763391233
  y: 66.0
  z: 720.3385737225233
  yaw: 260.67972
  pitch: 8.850032
