timestamps:
  login: 1340586924064
  logout: 1340587037585
  lastteleport: 1340587027568
ipAddress: 108.67.206.201
lastlocation:
  world: world
  x: -52.09426113385728
  y: 74.0
  z: 436.11247463535693
  yaw: 143.7
  pitch: -3.8999913
