timestamps:
  login: 1333993075505
  lastteleport: 1333990949860
  logout: 1333993093466
ipAddress: 24.6.86.226
lastlocation:
  world: world
  x: 406.2974116855859
  y: 63.0
  z: 146.88466385196477
  yaw: 4.866156
  pitch: 17.017672
