timestamps:
  login: 1338261849018
  logout: 1338261860448
  lastteleport: 1336748749300
ipAddress: 82.32.44.20
lastlocation:
  world: world
  x: -49.5
  y: 80.0
  z: 428.5
  yaw: 42.764683
  pitch: -10.127352
