timestamps:
  login: 1340625508543
  logout: 1340625988628
ipAddress: 24.171.168.245
lastlocation:
  world: world
  x: -44.053437595183645
  y: 77.0
  z: 427.0675488214132
  yaw: -139.35
  pitch: 29.550009
