timestamps:
  login: 1339607073516
  logout: 1339607088118
ipAddress: 174.126.246.136
lastlocation:
  world: world
  x: -57.262265247299155
  y: 74.0
  z: 413.7563181672952
  yaw: -37.495087
  pitch: 7.2765756
ban:
  reason: ''
