timestamps:
  login: 1337502867639
  lastteleport: 1337503132835
  logout: 1337503355601
ipAddress: 184.161.134.252
lastlocation:
  world: world
  x: -45.03326894625592
  y: 74.5
  z: 435.9736814384092
  yaw: -10.271964
  pitch: 13.697612
homes:
  home:
    world: world
    x: 792.5406775749326
    y: 64.0
    z: 333.43543231265767
    yaw: 276.44568
    pitch: 65.466934
