timestamps:
  login: 1336432649621
  lastteleport: 1335914866235
  logout: 1336432680792
ipAddress: 68.193.181.175
lastlocation:
  world: world
  x: 3932.917211364918
  y: 87.0
  z: 201.14011358458222
  yaw: -213.80475
  pitch: 31.200153
