timestamps:
  login: 1340675812027
  logout: 1340675889604
ipAddress: 67.188.55.172
lastlocation:
  world: world
  x: -51.65078025188201
  y: 74.0
  z: 416.52865333536005
  yaw: 149.45178
  pitch: 9.897515
