timestamps:
  login: 1336237467547
  logout: 1336238113933
  lastteleport: 1336237979444
ipAddress: 70.27.32.57
lastlocation:
  world: world
  x: 3860.2438845370775
  y: 71.0
  z: 319.55450452023894
  yaw: 135.69542
  pitch: 11.550217
