timestamps:
  login: 1336597544774
  lastteleport: 1336353365648
  logout: 1336598313635
ipAddress: 70.180.97.198
lastlocation:
  world: world
  x: 752.4664018717366
  y: 67.0
  z: -14.432705780477338
  yaw: 269.22623
  pitch: 17.700077
homes:
  home:
    world: world
    x: 750.1245436313659
    y: 67.0
    z: -15.060067364968877
    yaw: -64.22401
    pitch: 18.74999
money: 0.0
