timestamps:
  login: 1335471539788
  lastteleport: 1335471713854
  logout: 1335471756679
ipAddress: 99.227.36.60
lastlocation:
  world: world
  x: 733.3000000119209
  y: 73.0
  z: -1990.433617182358
  yaw: 268.6738
  pitch: 12.1500025
