timestamps:
  login: 1333937120864
  lastteleport: 1333937665512
  logout: 1333937668455
ipAddress: 122.107.123.219
lastlocation:
  world: world
  x: 430.66422544288434
  y: 65.0
  z: 977.7022472364314
  yaw: -185.85269
  pitch: 15.913602
