timestamps:
  login: 1338264059296
  lastteleport: 1336499965546
  logout: 1338264067856
ipAddress: 93.89.81.33
lastlocation:
  world: world
  x: -49.31791638699411
  y: 80.0
  z: 428.514995821134
  yaw: -146.56787
  pitch: 23.050234
