timestamps:
  login: 1336174175971
  lastteleport: 1336085494630
  logout: 1336174437887
ipAddress: 198.53.33.14
lastlocation:
  world: world
  x: 3880.5926184080404
  y: 64.0
  z: 354.9936630052057
  yaw: -231.25572
  pitch: 48.030243
money: 4.0
