timestamps:
  login: 1335906850011
  lastteleport: 1335907162909
  logout: 1335907579939
ipAddress: 184.0.131.226
lastlocation:
  world: world
  x: 3913.300000011921
  y: 61.0
  z: 393.1821637165761
  yaw: -200.7547
  pitch: 20.700193
