timestamps:
  login: 1337845518229
  logout: 1337845531914
  lastteleport: 1337732221420
ipAddress: 68.104.57.15
lastlocation:
  world: world
  x: 51.823721892301435
  y: 65.0
  z: -177.81501819640744
  yaw: 135.60019
  pitch: 10.04999
