timestamps:
  login: 1335557242278
  lastteleport: 1335557503542
  logout: 1335557623593
ipAddress: 31.185.217.97
lastlocation:
  world: world
  x: 3888.393478694626
  y: 64.0
  z: 367.03191836156327
  yaw: -42.504528
  pitch: 3.4502158
