timestamps:
  login: 1341096561654
  lastteleport: 1341097150895
  logout: 1341097515460
ipAddress: 75.0.186.27
lastlocation:
  world: world
  x: 2058.1916185157365
  y: 71.0
  z: 1052.699999988079
  yaw: 71.83453
  pitch: 15.300026
