timestamps:
  login: 1334457086552
  lastteleport: 1334457115163
  logout: 1334457330320
ipAddress: 71.172.226.97
lastlocation:
  world: world
  x: 1500.9193962985426
  y: 70.0
  z: 183.9475784637225
  yaw: -271.37808
  pitch: 18.293432
