timestamps:
  login: 1338494530932
  lastteleport: 1338494389527
  logout: 1338494554410
ipAddress: 87.59.198.80
lastlocation:
  world: world_nether
  x: 275.09424304804287
  y: 128.0
  z: 142.81667126114
  yaw: -268.68408
  pitch: 22.851719
