timestamps:
  login: 1336398877470
  lastteleport: 1336398888286
  logout: 1336398914827
ipAddress: 188.220.43.179
lastlocation:
  world: world
  x: 1298.334858683838
  y: 58.0
  z: 2568.350190332136
  yaw: 121.002945
  pitch: 2.9999886
homes:
  home:
    world: world
    x: -775.2461327196256
    y: 59.0
    z: 1008.8411199066256
    yaw: -107.66857
    pitch: 15.150196
nickname: ยง4Legend_YTCpNotTellin
