timestamps:
  login: 1335210202226
  lastteleport: 1335210754098
  logout: 1335210875625
ipAddress: 176.250.85.61
lastlocation:
  world: world
  x: 3799.1898651120264
  y: 67.0
  z: 1940.611767601454
  yaw: 11.729553
  pitch: 18.450045
money: 0.0
