timestamps:
  login: 1334006067071
  lastteleport: 1334006366070
  logout: 1334007068357
ipAddress: 70.112.116.46
lastlocation:
  world: world
  x: 402.9802533147785
  y: 68.0
  z: 174.16876473576892
  yaw: -12.922443
  pitch: 11.849736
