timestamps:
  login: 1337523622395
  lastteleport: 1337523939755
  logout: 1337523964539
ipAddress: 24.23.29.88
lastlocation:
  world: world
  x: 177.30000001192093
  y: 57.0
  z: 376.60974369877204
  yaw: 331.7998
  pitch: 47.399994
money: 200030.0
ban:
  reason: fuck off you scurb
