timestamps:
  login: 1336087493425
  lastteleport: 1336087288128
  logout: 1336087481016
ipAddress: 209.197.156.60
lastlocation:
  world: world
  x: 3963.1874559334824
  y: 63.0
  z: 903.0035305297372
  yaw: -56.94098
  pitch: 15.813246
