timestamps:
  login: 1335150736897
  logout: 1335151058963
  lastteleport: 1335151021622
ipAddress: 174.6.141.25
lastlocation:
  world: world
  x: 1488.9579152828612
  y: 70.0
  z: 191.63808583975865
  yaw: -31.513794
  pitch: 16.20611
