timestamps:
  login: 1336087457824
  lastteleport: 1336087279673
  logout: 1336087471066
ipAddress: 99.251.148.108
lastlocation:
  world: world
  x: 3963.7139003224274
  y: 63.0
  z: 902.2668009495065
  yaw: 266.0069
  pitch: -45.449917
