timestamps:
  login: 1337147342684
  lastteleport: 1337147511469
  logout: 1337147555939
ipAddress: 66.241.173.140
lastlocation:
  world: world
  x: -37.5789057280275
  y: 74.0
  z: 440.63433672449423
  yaw: -80.85013
  pitch: 3.1499476
money: 240.0
