timestamps:
  login: 1337358369098
  logout: 1337358721365
  lastteleport: 1337358531780
ipAddress: 58.173.120.246
lastlocation:
  world: world
  x: -55.84646824827309
  y: 75.5
  z: 426.3090857789987
  yaw: 86.69974
  pitch: -8.5499935
money: 0.0
