timestamps:
  login: 1340736976911
  logout: 1340737024605
ipAddress: 24.17.171.203
lastlocation:
  world: world
  x: -42.49186349342347
  y: 94.5
  z: 362.69999998807907
  yaw: 72.60186
  pitch: 77.54995
