timestamps:
  login: 1335721461858
  lastteleport: 1335724616768
  logout: 1335724659562
ipAddress: 76.179.115.227
lastlocation:
  world: world
  x: 3866.1885980316906
  y: 87.0
  z: 282.6104659026737
  yaw: 193.59521
  pitch: 89.09999
