timestamps:
  login: 1336008647377
  lastteleport: 1336008677403
  logout: 1336008679142
ipAddress: 173.166.255.1
lastlocation:
  world: world
  x: 697.3000000119209
  y: 61.0
  z: -1891.6194383698853
  yaw: 65.93652
  pitch: 34.470665
