timestamps:
  login: 1336284730142
  lastteleport: 1336285381740
  logout: 1336285532488
ipAddress: 68.56.85.70
lastlocation:
  world: world
  x: 2196.25470987512
  y: 63.0
  z: 46.81678545208653
  yaw: 229.02713
  pitch: 13.499959
