timestamps:
  login: 1338548383069
  lastteleport: 1335388394954
  logout: 1338548429101
ipAddress: 50.93.50.58
lastlocation:
  world: world
  x: -0.42500001192092796
  y: 77.0
  z: 407.75767145072905
  yaw: -291.3916
  pitch: 2.7877743
money: 295.0
