timestamps:
  login: 1338257602819
  logout: 1338257700518
  lastteleport: 1338257672220
ipAddress: 213.121.15.182
lastlocation:
  world: world
  x: 1559.1342967283933
  y: 75.0
  z: 48.440198339140096
  yaw: 241.33614
  pitch: 28.822376
money: 298.0
