timestamps:
  login: 1334901429224
  lastteleport: 1334901483028
  logout: 1334901554871
ipAddress: 124.177.161.83
lastlocation:
  world: world
  x: 2520.3518681024816
  y: 50.10125294545304
  z: -525.4096852966098
  yaw: 182.79102
  pitch: 51.60004
