timestamps:
  login: 1335371486092
  lastteleport: 1335371522166
  logout: 1335371529660
ipAddress: 65.183.69.210
lastlocation:
  world: world
  x: 771.4263849381597
  y: 62.584260296028866
  z: -2164.406346624265
  yaw: 273.32394
  pitch: 67.799995
money: 299.0
