timestamps:
  login: 1334946602816
  lastteleport: 1334946618347
  logout: 1334946691415
ipAddress: 91.74.13.51
lastlocation:
  world: world
  x: 3107.454233092309
  y: 80.0
  z: 1414.8423422544172
  yaw: -356.91418
  pitch: 13.199985
