timestamps:
  login: 1338593215957
  lastteleport: 1338594363382
  logout: 1338594405566
ipAddress: 92.235.199.225
lastlocation:
  world: world
  x: 1576.180816733419
  y: 8.0
  z: -45.30000001192093
  yaw: -188.50256
  pitch: -4.786258
homes:
  home:
    world: world
    x: 1576.9442957093772
    y: 8.0
    z: -51.20052212700065
    yaw: -10.726318
    pitch: 8.726706
