timestamps:
  login: 1335565158115
  lastteleport: 1335565307742
  logout: 1335565379837
ipAddress: 92.237.13.249
lastlocation:
  world: world
  x: 3819.7835583463993
  y: 89.0
  z: 329.30000001192093
  yaw: 15.846252
  pitch: 14.700015
