timestamps:
  login: 1340780071280
  lastteleport: 1340780157471
  logout: 1340780171351
ipAddress: 101.162.17.198
lastlocation:
  world: world
  x: -7.829561627232025
  y: 74.0
  z: 466.13135468323395
  yaw: -46.803886
  pitch: -6.185412
