timestamps:
  login: 1340815391484
  logout: 1340815430386
ipAddress: 62.131.100.51
lastlocation:
  world: world
  x: -78.46702135234158
  y: 74.0
  z: 406.24643872264375
  yaw: 66.73816
  pitch: 10.722205
