timestamps:
  login: 1336612934702
  lastteleport: 1336613434005
  logout: 1336613569042
ipAddress: 74.59.238.78
lastlocation:
  world: world
  x: 780.2278772814316
  y: 89.0
  z: -1177.998355267855
  yaw: -344.1013
  pitch: 36.900013
