timestamps:
  login: 1335394730403
  logout: 1335396641033
  lastteleport: 1335302697471
ipAddress: 98.230.217.7
lastlocation:
  world: world
  x: 733.723906069931
  y: 73.0
  z: -1988.6742731031347
  yaw: 262.6738
  pitch: 16.650002
money: 299.0
