timestamps:
  login: 1336484904086
  lastteleport: 1336486080922
  logout: 1336486341218
ipAddress: 50.83.215.42
lastlocation:
  world: world
  x: 3858.5928095424374
  y: 71.0
  z: 321.41369302677566
  yaw: -80.15439
  pitch: -0.74978924
