timestamps:
  login: 1335555878643
  lastteleport: 1335557850750
  logout: 1335558038875
ipAddress: 71.251.99.132
lastlocation:
  world: world
  x: 3923.699999988079
  y: 76.0
  z: 344.54411416896096
  yaw: -164.4856
  pitch: -10.57055
money: 60.0
