timestamps:
  login: 1335638591894
  lastteleport: 1335639443180
  logout: 1335639570302
ipAddress: 71.116.95.83
lastlocation:
  world: world
  x: 3892.508225913159
  y: 64.0
  z: 370.3704829445338
  yaw: 126.09545
  pitch: 10.500215
