timestamps:
  login: 1339989089916
  logout: 1339989128560
ipAddress: 208.54.87.142
lastlocation:
  world: world
  x: -84.39625386449393
  y: 74.0
  z: 391.9255259925985
  yaw: -329.54977
  pitch: -25.049953
