timestamps:
  login: 1334190115158
  lastteleport: 1334190684513
  logout: 1334190888843
ipAddress: 101.161.150.121
lastlocation:
  world: world
  x: 403.5063489021949
  y: 68.0
  z: 167.83690962048323
  yaw: -177.17247
  pitch: 19.949724
