timestamps:
  login: 1335149791936
  lastteleport: 1335149834175
  logout: 1335150039006
ipAddress: 71.119.30.181
lastlocation:
  world: world
  x: 1494.1348985488703
  y: 69.0
  z: 184.74640168377996
  yaw: -337.0617
  pitch: 31.65601
