timestamps:
  login: 1338213001923
  lastteleport: 1338213166527
  logout: 1338213236098
ipAddress: 99.65.245.194
lastlocation:
  world: world
  x: -36.35144143957196
  y: 77.0
  z: 414.66394525054744
  yaw: -332.11942
  pitch: 22.633656
