timestamps:
  login: 1335906863112
  lastteleport: 1335906922834
  logout: 1335907808547
ipAddress: 24.204.217.133
lastlocation:
  world: world
  x: 3861.2616774237745
  y: 71.0
  z: 320.49271967963415
  yaw: -218.75436
  pitch: -7.649751
