timestamps:
  login: 1335278787160
  logout: 1335279427836
  lastteleport: 1335279241742
ipAddress: 213.21.122.63
lastlocation:
  world: world
  x: 790.5248952854074
  y: 69.0
  z: -2365.5140121278655
  yaw: 290.5775
  pitch: 1.3500193
