timestamps:
  login: 1340780150545
  logout: 1340780267289
ipAddress: 84.72.69.101
lastlocation:
  world: world
  x: -60.49154148053846
  y: 74.0
  z: 442.80359193600793
  yaw: 221.69995
  pitch: 7.164478E-6
