timestamps:
  login: 1337758044878
  lastteleport: 1337758461359
  logout: 1337758495920
ipAddress: 74.105.210.190
lastlocation:
  world: world
  x: -43.69562386481173
  y: 74.0
  z: 436.5002496544314
  yaw: -5.4001493
  pitch: 4.6499524
