timestamps:
  login: 1339993978658
  logout: 1339994083559
ipAddress: 67.169.82.252
lastlocation:
  world: world
  x: -45.5
  y: 77.0
  z: 426.5
  yaw: -155.85002
  pitch: 55.800007
