timestamps:
  login: 1335401604001
  lastteleport: 1335401758545
  logout: 1335401885983
ipAddress: 209.197.158.171
lastlocation:
  world: world
  x: 764.0693315885601
  y: 67.0
  z: -2015.300000011921
  yaw: -268.47607
  pitch: 1.200022
