timestamps:
  login: 1336166705860
  lastteleport: 1336166944607
  logout: 1336167006399
ipAddress: 72.23.91.49
lastlocation:
  world: world
  x: 3859.864958403242
  y: 71.0
  z: 320.77526338515264
  yaw: 168.39532
  pitch: 0.4502151
