timestamps:
  login: 1340906254711
  lastteleport: 1340906281354
  logout: 1340906329025
ipAddress: 85.164.215.188
lastlocation:
  world: world
  x: 1495.0189491731999
  y: 73.0
  z: 53.233303669791255
  yaw: -180.16385
  pitch: 24.772385
