timestamps:
  login: 1335983093360
  lastteleport: 1335983502756
  logout: 1335984309414
ipAddress: 92.4.144.90
lastlocation:
  world: world
  x: 3596.597078817165
  y: 6.0
  z: 1768.699999988079
  yaw: -265.23236
  pitch: 64.902275
