timestamps:
  login: 1336702711076
  lastteleport: 1336702846523
ipAddress: 174.19.248.9
lastlocation:
  world: world
  x: 796.9774113175486
  y: 63.0
  z: -1134.6819995769129
  yaw: -111.75125
  pitch: 18.158411
