timestamps:
  login: 1335570831261
  lastteleport: 1335568383166
  logout: 1335570867824
ipAddress: 24.36.180.58
lastlocation:
  world: world
  x: 609.1839750508112
  y: 66.0
  z: -1968.1478665545299
  yaw: 5.124539
  pitch: 8.7
