timestamps:
  login: 1335916739596
  lastteleport: 1335908473796
  logout: 1335916753090
ipAddress: 173.70.206.137
lastlocation:
  world: world
  x: 4001.1714902138274
  y: 55.0
  z: 297.68620511722315
  yaw: -127.104126
  pitch: 59.249996
