timestamps:
  login: 1335648632341
  logout: 1335649176475
  lastteleport: 1335649148783
ipAddress: 68.189.106.194
lastlocation:
  world: world
  x: 3891.5
  y: 64.0
  z: 370.5
  yaw: 136.59544
  pitch: 20.100214
money: 20.0
