timestamps:
  login: 1338685582684
  logout: 1338686042736
ipAddress: 69.207.25.181
lastlocation:
  world: world
  x: -155.02820735440477
  y: 46.0
  z: 578.631863314256
  yaw: -42.149292
  pitch: 9.000021
