timestamps:
  login: 1334080489072
  lastteleport: 1334081089672
  logout: 1334081143545
ipAddress: 109.189.68.73
lastlocation:
  world: world
  x: 404.4427607189555
  y: 64.0
  z: 144.87956604755271
  yaw: -182.57234
  pitch: 25.049734
