timestamps:
  login: 1334624115534
  logout: 1334624152501
  lastteleport: 1334621983726
ipAddress: 24.223.199.143
lastlocation:
  world: world
  x: 1501.0575369898988
  y: 70.0
  z: 178.86491203387553
  yaw: -89.57601
  pitch: 18.899986
