timestamps:
  login: 1339561232850
  logout: 1339561305661
ipAddress: 75.94.47.175
lastlocation:
  world: world
  x: -57.20020905379853
  y: 77.0
  z: 426.41913572455024
  yaw: -80.721375
  pitch: 3.1416883
