timestamps:
  login: 1337021457827
  lastteleport: 1336560995227
  logout: 1337021622807
ipAddress: 66.30.232.218
lastlocation:
  world: world
  x: 736.5
  y: 66.62000000476837
  z: -963.5
  yaw: 0.0
  pitch: 0.0
homes:
  home:
    world: world
    x: 3567.699999988079
    y: 63.0
    z: 1915.1671347271767
    yaw: -2.6281128
    pitch: 61.050007
