timestamps:
  login: 1336976016019
  logout: 1336976209249
  lastteleport: 1336974296608
ipAddress: 142.167.174.71
lastlocation:
  world: world
  x: 736.3000000119209
  y: 54.0
  z: -961.318071377538
  yaw: 71.22577
  pitch: 33.739025
