timestamps:
  login: 1340681453983
  logout: 1340681464604
ipAddress: 173.191.171.230
lastlocation:
  world: world
  x: -50.56757865778948
  y: 76.0
  z: 427.0094857022141
  yaw: 91.2
  pitch: 14.250014
