timestamps:
  login: 1336511772341
  lastteleport: 1336512280154
  logout: 1336512387383
ipAddress: 189.175.132.194
lastlocation:
  world: world
  x: 3860.296159298898
  y: 71.0
  z: 320.93185744828224
  yaw: 189.24551
  pitch: -7.9497843
