timestamps:
  login: 1336079318394
  lastteleport: 1336008140591
  logout: 1336080486520
ipAddress: 75.97.66.252
lastlocation:
  world: world_nether
  x: 250.86993839200034
  y: 31.0
  z: 773.3000000119209
  yaw: 89.92352
  pitch: 45.749966
homes:
  home:
    world: world
    x: 1658.0999394903788
    y: 16.0
    z: 5786.388858395577
    yaw: -229.2749
    pitch: 33.899937
