timestamps:
  login: 1338284261765
  lastteleport: 1334765704393
  logout: 1338284271578
ipAddress: 69.217.173.203
lastlocation:
  world: world
  x: -49.5
  y: 80.0
  z: 428.5
  yaw: -162.54814
  pitch: 14.800253
