timestamps:
  login: 1338417651473
  logout: 1338418065391
ipAddress: 142.163.153.179
lastlocation:
  world: world
  x: -258.6735191468673
  y: 10.783748976937373
  z: 398.15202362716894
  yaw: 96.50272
  pitch: 20.250008
